       11	2016-01-04 08:19:03	11	0	1	0
        4	2016-01-04 08:31:39	11	0	1	0
        2	2016-01-04 08:38:54	11	0	1	0
        8	2016-01-04 08:42:27	11	0	1	0
        8	2016-01-04 17:37:07	11	0	1	0
        4	2016-01-04 17:38:06	11	0	1	0
        5	2016-01-04 17:46:22	11	0	1	0
       11	2016-01-04 18:29:29	11	0	1	0
        2	2016-01-04 18:40:20	11	0	1	0
       11	2016-01-05 08:23:42	11	0	1	0
        8	2016-01-05 08:25:39	11	0	1	0
        2	2016-01-05 08:39:50	11	0	1	0
        4	2016-01-05 17:49:42	11	0	1	0
        5	2016-01-05 18:28:52	11	0	1	0
        2	2016-01-05 19:19:02	11	0	1	0
       11	2016-01-05 20:20:43	11	0	1	0
       11	2016-01-06 08:21:58	11	0	1	0
        8	2016-01-06 08:25:23	11	0	1	0
        2	2016-01-06 08:28:58	11	0	1	0
        4	2016-01-06 17:38:55	11	0	1	0
        5	2016-01-06 17:59:10	11	0	1	0
       11	2016-01-06 18:00:14	11	0	1	0
        2	2016-01-06 18:59:55	11	0	1	0
       11	2016-01-07 08:25:51	11	0	1	0
        4	2016-01-07 08:29:34	11	0	1	0
        8	2016-01-07 08:29:37	11	0	1	0
        2	2016-01-07 08:33:09	11	0	1	0
        5	2016-01-07 08:33:12	11	0	1	0
        4	2016-01-07 17:52:32	11	0	1	0
        5	2016-01-07 18:14:49	11	0	1	0
       11	2016-01-07 18:14:57	11	0	1	0
        2	2016-01-07 18:51:43	11	0	1	0
        5	2016-01-08 08:21:57	11	0	1	0
       11	2016-01-08 08:24:48	11	0	1	0
        8	2016-01-08 08:27:20	11	0	1	0
        4	2016-01-08 08:29:48	11	0	1	0
        8	2016-01-07 17:43:21	11	0	1	0
        8	2016-01-06 17:43:43	11	0	1	0
        4	2015-12-30 08:29:30	11	0	1	0
        4	2015-12-31 08:29:39	11	0	1	0
        8	2015-12-02 17:37:06	11	0	1	0
        8	2015-12-09 08:30:35	11	0	1	0
        8	2015-11-09 08:30:55	11	0	1	0
        8	2015-12-09 08:30:19	11	0	1	0
        8	2015-12-14 08:30:39	11	0	1	0
        8	2015-12-11 08:30:58	11	0	1	0
        8	2015-12-23 15:31:25	11	0	1	0
        8	2015-12-05 08:23:49	11	0	1	0
        8	2015-12-05 12:24:01	11	0	1	0
        8	2015-12-17 17:39:15	11	0	1	0
        8	2015-12-19 08:30:31	11	0	1	0
        8	2015-12-19 12:30:47	11	0	1	0
        4	2016-01-05 08:28:34	11	0	1	0
        4	2016-01-06 08:28:48	11	0	1	0
        4	2016-01-06 08:29:23	11	0	1	0
        5	2016-01-04 08:30:37	11	0	1	0
        5	2016-01-05 08:30:47	11	0	1	0
        8	2016-01-08 17:32:19	11	0	1	0
        4	2016-01-08 17:34:00	11	0	1	0
        5	2016-01-08 18:42:54	11	0	1	0
       10	2016-01-09 08:20:41	11	0	1	0
        5	2016-01-09 08:20:46	11	0	1	0
        8	2016-01-09 08:24:41	11	0	1	0
        4	2016-01-09 08:30:27	11	0	1	0
       11	2016-01-09 08:30:53	11	0	1	0
        8	2016-01-09 12:08:53	11	0	1	0
        4	2016-01-09 12:09:09	11	0	1	0
        5	2016-01-09 12:11:33	11	0	1	0
       11	2016-01-09 22:19:04	11	0	1	0
       11	2016-01-10 08:23:03	11	0	1	0
       11	2016-01-10 21:39:03	11	0	1	0
        8	2016-01-11 08:22:55	11	0	1	0
       11	2016-01-11 08:25:08	11	0	1	0
        2	2016-01-11 08:25:37	11	0	1	0
        5	2016-01-11 08:29:21	11	0	1	0
        4	2016-01-11 09:17:44	11	0	1	0
        4	2016-01-11 17:46:57	11	0	1	0
        2	2016-01-11 17:48:02	11	0	1	0
       11	2016-01-12 08:08:30	11	0	1	0
       10	2016-01-12 08:13:33	11	0	1	0
        5	2016-01-12 08:27:22	11	0	1	0
        2	2016-01-12 08:27:23	11	0	1	0
        4	2016-01-12 17:52:11	11	0	1	0
        2	2016-01-12 18:47:03	11	0	1	0
        5	2016-01-12 18:47:33	11	0	1	0
        5	2016-01-12 19:05:42	11	0	1	0
       11	2016-01-13 08:22:15	11	0	1	0
        2	2016-01-13 08:26:26	11	0	1	0
        8	2016-01-13 08:30:24	11	0	1	0
        2	2016-01-14 08:24:45	11	0	1	0
       11	2016-01-14 08:26:20	11	0	1	0
        4	2016-01-14 08:29:21	11	0	1	0
        4	2016-01-14 17:34:29	11	0	1	0
        4	2016-01-12 08:27:46	11	0	1	0
        4	2016-01-13 08:27:54	11	0	1	0
        4	2016-01-14 08:28:04	11	0	1	0
        2	2016-01-14 17:42:28	11	0	1	0
        2	2016-01-15 08:19:55	11	0	1	0
       11	2016-01-15 08:20:04	11	0	1	0
        5	2016-01-15 08:21:16	11	0	1	0
        5	2016-01-15 08:23:03	11	0	1	0
        4	2016-01-15 08:28:43	11	0	1	0
        8	2016-01-15 08:30:59	11	0	1	0
        8	2016-01-14 08:23:21	11	0	1	0
        8	2016-01-15 17:32:43	11	0	1	0
       11	2016-01-15 18:06:39	11	0	1	0
        4	2016-01-15 18:11:34	11	0	1	0
       10	2016-01-16 08:11:15	11	0	1	0
        2	2016-01-16 08:21:03	11	0	1	0
        4	2016-01-16 08:28:18	11	0	1	0
        8	2016-01-16 08:29:06	11	0	1	0
       11	2016-01-16 08:29:21	11	0	1	0
        5	2016-01-16 08:33:50	11	0	1	0
        8	2016-01-16 12:00:02	11	0	1	0
       10	2016-01-16 13:10:03	11	0	1	0
       11	2016-01-16 13:10:06	11	0	1	0
        5	2016-01-16 13:10:09	11	0	1	0
        2	2016-01-16 13:10:17	11	0	1	0
        4	2016-01-16 17:42:03	11	0	1	0
        2	2016-01-16 17:42:53	11	0	1	0
        2	2016-01-17 10:22:34	11	0	1	0
        2	2016-01-17 17:43:22	11	0	1	0
        8	2016-01-18 08:24:36	11	0	1	0
       11	2016-01-18 08:24:55	11	0	1	0
        5	2016-01-18 08:26:13	11	0	1	0
        2	2016-01-18 08:26:37	11	0	1	0
       11	2016-01-18 18:20:08	11	0	1	0
        5	2016-01-18 18:20:11	11	0	1	0
        2	2016-01-18 19:46:55	11	0	1	0
       10	2016-01-19 08:08:23	11	0	1	0
       11	2016-01-19 08:25:54	11	0	1	0
        2	2016-01-19 08:26:08	11	0	1	0
        8	2016-01-19 14:58:36	11	0	1	0
        8	2016-01-19 17:32:42	11	0	1	0
       11	2016-01-19 17:42:51	11	0	1	0
        2	2016-01-19 19:48:58	11	0	1	0
       11	2016-01-20 08:24:24	11	0	1	0
        2	2016-01-20 08:25:54	11	0	1	0
        8	2016-01-20 08:30:50	11	0	1	0
        2	2016-01-20 18:02:57	11	0	1	0
       11	2016-01-20 18:59:56	11	0	1	0
        8	2016-01-20 17:45:01	11	0	1	0
        8	2016-01-21 08:25:11	11	0	1	0
        8	2016-01-21 17:45:21	11	0	1	0
        8	2016-01-01 08:29:24	11	0	1	0
       11	2016-01-05 08:29:25	11	0	1	0
        8	2016-01-05 17:46:12	11	0	1	0
       10	2016-01-05 17:48:05	11	0	1	0
        4	2016-01-05 17:48:10	11	0	1	0
       11	2016-01-05 17:48:59	11	0	1	0
        8	2016-01-05 08:45:14	11	0	1	0
        2	2016-01-05 17:50:38	11	0	1	0
       10	2016-01-26 08:15:44	11	0	1	0
        5	2016-01-26 08:25:55	11	0	1	0
       11	2016-01-26 08:26:00	11	0	1	0
        5	2016-01-25 08:32:01	11	0	1	0
        4	2016-01-26 08:28:40	11	0	1	0
        8	2016-01-26 08:30:06	11	0	1	0
        8	2016-01-26 17:34:09	11	0	1	0
        4	2016-01-26 17:39:10	11	0	1	0
        4	2016-01-26 17:40:09	11	0	1	0
        2	2016-01-26 17:50:55	11	0	1	0
        5	2016-01-26 17:51:16	11	0	1	0
       11	2016-01-26 18:34:19	11	0	1	0
       11	2016-01-26 18:39:30	11	0	1	0
        5	2016-01-27 08:27:45	11	0	1	0
       11	2016-01-27 08:28:22	11	0	1	0
        8	2016-01-27 08:29:17	11	0	1	0
        2	2016-01-27 08:29:21	11	0	1	0
        8	2016-01-27 17:38:00	11	0	1	0
        4	2016-01-27 17:40:42	11	0	1	0
        5	2016-01-27 17:45:57	11	0	1	0
        2	2016-01-27 17:58:49	11	0	1	0
        5	2016-01-28 08:24:26	11	0	1	0
        2	2016-01-28 08:28:45	11	0	1	0
       11	2016-01-28 08:29:10	11	0	1	0
        8	2016-01-28 08:28:26	11	0	1	0
        4	2016-01-28 08:28:31	11	0	1	0
        4	2016-01-27 08:28:40	11	0	1	0
        4	2016-01-26 08:28:49	11	0	1	0
        4	2016-01-25 08:29:53	11	0	1	0
        5	2016-01-28 17:39:33	11	0	1	0
       11	2016-01-28 18:13:54	11	0	1	0
        8	2016-01-29 08:18:48	11	0	1	0
        8	2016-01-28 08:19:01	11	0	1	0
        8	2016-01-28 17:31:51	11	0	1	0
       11	2016-01-29 08:24:48	11	0	1	0
        5	2016-01-29 08:27:44	11	0	1	0
        2	2016-01-29 08:30:03	11	0	1	0
        4	2016-01-29 08:30:58	11	0	1	0
        2	2016-01-15 18:47:21	11	0	1	0
        2	2016-01-25 08:33:26	11	0	1	0
        2	2016-01-26 08:30:52	11	0	1	0
        2	2016-01-25 18:48:17	11	0	1	0
        4	2016-01-25 17:48:43	11	0	1	0
        5	2016-01-11 17:44:53	11	0	1	0
        5	2016-01-19 08:36:07	11	0	1	0
        5	2016-01-29 17:32:47	11	0	1	0
        8	2016-01-29 17:34:44	11	0	1	0
        4	2016-01-29 17:37:38	11	0	1	0
        2	2016-01-29 18:33:10	11	0	1	0
       11	2016-01-30 08:28:42	11	0	1	0
        2	2016-01-30 08:29:53	11	0	1	0
        8	2016-01-30 08:30:07	11	0	1	0
        5	2016-01-30 08:29:09	11	0	1	0
        4	2016-01-30 08:29:14	11	0	1	0
        4	2016-01-30 12:48:10	11	0	1	0
        5	2016-01-30 12:49:38	11	0	1	0
       10	2016-01-30 12:49:43	11	0	1	0
        8	2016-01-30 12:49:50	11	0	1	0
       11	2016-01-30 12:53:10	11	0	1	0
        2	2016-01-30 14:43:51	11	0	1	0
        5	2016-01-30 15:10:29	11	0	1	0
       10	2016-02-01 08:09:11	11	0	1	0
       11	2016-02-01 08:22:58	11	0	1	0
        4	2016-02-01 08:28:22	11	0	1	0
        8	2016-02-01 08:30:38	11	0	1	0
        8	2016-02-01 17:35:57	11	0	1	0
        4	2016-02-01 17:38:56	11	0	1	0
        5	2016-02-01 17:42:06	11	0	1	0
        2	2016-02-01 17:45:53	11	0	1	0
        2	2016-02-02 08:22:52	11	0	1	0
        2	2016-02-01 08:29:14	11	0	1	0
       11	2016-02-02 08:28:47	11	0	1	0
        8	2016-02-02 08:27:55	11	0	1	0
        5	2016-02-02 08:28:01	11	0	1	0
        5	2016-02-01 08:25:29	11	0	1	0
        8	2016-02-02 17:32:28	11	0	1	0
        2	2016-02-02 17:49:53	11	0	1	0
       11	2016-02-02 17:52:44	11	0	1	0
        5	2016-02-02 17:53:40	11	0	1	0
       11	2016-02-03 08:26:56	11	0	1	0
        2	2016-02-03 08:28:53	11	0	1	0
        8	2016-02-03 08:30:35	11	0	1	0
        4	2016-02-03 08:46:37	11	0	1	0
       11	2016-02-03 18:04:07	11	0	1	0
        4	2016-02-03 18:05:06	11	0	1	0
        2	2016-02-03 18:28:34	11	0	1	0
        8	2016-02-03 18:49:07	11	0	1	0
       10	2016-02-03 19:05:53	11	0	1	0
        5	2016-02-03 19:07:48	11	0	1	0
       11	2016-02-15 08:16:03	11	0	1	0
       10	2016-02-15 08:16:39	11	0	1	0
        5	2016-02-15 08:20:11	11	0	1	0
        8	2016-02-15 08:23:02	11	0	1	0
        4	2016-02-15 08:42:53	11	0	1	0
        8	2016-02-15 17:36:03	11	0	1	0
        4	2016-02-15 17:42:46	11	0	1	0
        5	2016-02-15 17:56:02	11	0	1	0
       11	2016-02-15 18:00:20	11	0	1	0
       10	2016-02-15 19:23:51	11	0	1	0
       10	2016-02-16 08:08:51	11	0	1	0
       11	2016-02-16 08:20:21	11	0	1	0
        8	2016-02-16 08:25:10	11	0	1	0
        4	2016-02-16 08:29:37	11	0	1	0
        4	2016-02-16 08:29:42	11	0	1	0
        5	2016-02-16 08:30:01	11	0	1	0
        8	2016-02-16 17:33:45	11	0	1	0
        4	2016-02-16 17:39:01	11	0	1	0
       11	2016-02-16 17:42:30	11	0	1	0
        5	2016-02-16 17:42:34	11	0	1	0
        5	2016-02-17 08:24:13	11	0	1	0
        8	2016-02-17 08:25:09	11	0	1	0
       11	2016-02-17 08:28:32	11	0	1	0
        4	2016-02-17 17:40:35	11	0	1	0
        5	2016-02-17 17:57:31	11	0	1	0
       11	2016-02-17 17:59:29	11	0	1	0
       10	2016-02-18 08:18:20	11	0	1	0
        8	2016-02-18 08:26:13	11	0	1	0
        2	2016-02-18 08:28:47	11	0	1	0
        5	2016-02-18 08:29:31	11	0	1	0
        4	2016-02-17 08:29:32	11	0	1	0
        4	2016-02-18 08:29:42	11	0	1	0
       11	2016-02-18 08:29:46	11	0	1	0
       11	2016-02-18 17:31:23	11	0	1	0
        8	2016-02-18 17:34:02	11	0	1	0
       10	2016-02-18 17:35:07	11	0	1	0
       10	2016-02-18 17:35:46	11	0	1	0
        2	2016-02-18 17:38:03	11	0	1	0
        5	2016-02-18 17:38:16	11	0	1	0
        4	2016-02-18 17:40:49	11	0	1	0
       10	2016-02-19 08:12:58	11	0	1	0
        8	2016-02-19 08:24:54	11	0	1	0
        2	2016-02-19 08:29:46	11	0	1	0
       11	2016-02-19 08:30:52	11	0	1	0
        8	2016-02-19 17:35:50	11	0	1	0
        5	2016-02-19 17:40:49	11	0	1	0
       10	2016-02-19 17:42:18	11	0	1	0
       11	2016-02-19 17:44:23	11	0	1	0
        4	2016-02-19 17:47:10	11	0	1	0
        2	2016-02-19 19:02:34	11	0	1	0
       10	2016-02-20 08:09:58	11	0	1	0
        8	2016-02-20 08:17:13	11	0	1	0
        2	2016-02-20 08:24:50	11	0	1	0
        5	2016-02-20 08:29:03	11	0	1	0
        4	2016-02-19 08:29:31	11	0	1	0
        4	2016-02-20 08:29:37	11	0	1	0
        8	2016-02-20 12:03:34	11	0	1	0
       10	2016-02-20 12:05:32	11	0	1	0
        5	2016-02-20 12:06:59	11	0	1	0
        2	2016-02-20 12:07:06	11	0	1	0
        4	2016-02-20 12:07:23	11	0	1	0
       10	2016-02-22 08:19:38	11	0	1	0
       11	2016-02-22 08:21:16	11	0	1	0
        8	2016-02-22 08:24:37	11	0	1	0
        4	2016-02-22 08:27:09	11	0	1	0
        2	2016-02-22 08:31:22	11	0	1	0
        4	2016-02-22 15:30:05	11	0	1	0
        8	2016-02-22 15:30:14	11	0	1	0
        2	2016-02-22 15:32:53	11	0	1	0
        5	2016-02-22 15:33:39	11	0	1	0
       11	2016-02-22 16:03:34	11	0	1	0
        8	2016-02-23 08:28:29	11	0	1	0
       11	2016-02-23 08:28:36	11	0	1	0
        2	2016-02-23 08:28:38	11	0	1	0
        8	2016-02-23 17:30:14	11	0	1	0
       10	2016-02-23 17:42:17	11	0	1	0
        4	2016-02-23 17:48:05	11	0	1	0
       11	2016-02-23 17:49:37	11	0	1	0
        4	2016-02-23 17:51:44	11	0	1	0
        2	2016-02-23 18:18:37	11	0	1	0
        5	2016-02-23 18:24:36	11	0	1	0
       10	2016-02-24 08:10:47	11	0	1	0
        2	2016-02-24 08:22:54	11	0	1	0
        4	2016-02-24 08:28:01	11	0	1	0
        8	2016-02-24 08:28:52	11	0	1	0
       11	2016-02-24 08:30:23	11	0	1	0
       12	2016-02-24 08:31:01	11	0	1	0
        8	2016-02-24 17:31:38	11	0	1	0
        2	2016-02-24 17:37:35	11	0	1	0
        5	2016-02-24 17:37:41	11	0	1	0
        2	2016-02-24 17:41:14	11	0	1	0
        4	2016-02-24 17:42:19	11	0	1	0
       11	2016-02-24 18:02:27	11	0	1	0
       10	2016-02-25 08:19:21	11	0	1	0
       12	2016-02-25 08:19:55	11	0	1	0
        8	2016-02-25 08:29:14	11	0	1	0
       11	2016-02-25 08:30:35	11	0	1	0
        2	2016-02-25 08:42:24	11	0	1	0
        8	2016-02-25 17:30:47	11	0	1	0
        4	2016-02-25 17:30:56	11	0	1	0
        2	2016-02-25 17:36:35	11	0	1	0
        5	2016-02-20 08:26:49	11	0	1	0
        5	2016-02-03 08:27:04	11	0	1	0
        5	2016-02-19 08:25:10	11	0	1	0
        5	2016-02-22 08:26:18	11	0	1	0
        5	2016-02-23 08:29:26	11	0	1	0
        5	2016-02-24 08:28:33	11	0	1	0
        5	2016-02-25 17:37:43	11	0	1	0
       10	2016-02-25 17:37:52	11	0	1	0
        5	2016-02-25 17:38:55	11	0	1	0
       11	2016-02-25 17:39:08	11	0	1	0
       11	2016-02-26 08:27:40	11	0	1	0
        8	2016-02-26 08:27:50	11	0	1	0
       12	2016-02-26 08:28:02	11	0	1	0
        5	2016-02-26 08:28:12	11	0	1	0
        2	2016-02-26 08:29:44	11	0	1	0
        2	2016-02-26 17:38:14	11	0	1	0
        5	2016-02-26 17:38:25	11	0	1	0
        8	2016-02-26 17:45:58	11	0	1	0
       11	2016-02-26 18:48:15	11	0	1	0
        8	2016-02-27 08:23:16	11	0	1	0
       10	2016-02-27 08:23:21	11	0	1	0
       11	2016-02-27 08:25:52	11	0	1	0
        2	2016-02-27 08:29:18	11	0	1	0
       12	2016-02-27 08:29:33	11	0	1	0
        4	2016-02-27 08:29:38	11	0	1	0
        2	2016-02-27 11:15:10	11	0	1	0
        4	2016-02-27 12:00:02	11	0	1	0
        8	2016-02-27 12:01:08	11	0	1	0
       11	2016-02-27 12:05:54	11	0	1	0
       10	2016-02-27 12:07:07	11	0	1	0
        5	2016-02-27 12:07:59	11	0	1	0
       10	2016-02-29 08:16:19	11	0	1	0
        5	2016-02-29 08:24:28	11	0	1	0
        8	2016-02-29 08:25:11	11	0	1	0
        2	2016-02-29 08:28:47	11	0	1	0
       10	2016-03-01 08:13:57	11	0	1	0
        8	2016-03-01 08:28:10	11	0	1	0
        2	2016-03-01 08:28:21	11	0	1	0
        8	2016-03-01 17:31:52	11	0	1	0
        4	2016-03-01 17:32:11	11	0	1	0
        5	2016-03-01 17:33:43	11	0	1	0
        2	2016-03-01 17:38:43	11	0	1	0
       10	2016-03-02 08:22:23	11	0	1	0
        8	2016-03-02 08:23:32	11	0	1	0
        2	2016-03-02 08:28:20	11	0	1	0
        2	2016-03-07 08:15:28	11	0	1	0
       12	2016-03-07 08:17:54	11	0	1	0
       10	2016-03-07 08:32:49	11	0	1	0
        5	2016-03-07 08:48:09	11	0	1	0
       11	2016-03-07 08:48:12	11	0	1	0
        4	2016-03-07 09:09:21	11	0	1	0
        8	2016-03-07 09:09:24	11	0	1	0
        4	2016-02-23 08:26:30	11	0	1	0
        8	2016-03-07 17:33:06	11	0	1	0
       11	2016-03-07 17:35:38	11	0	1	0
       10	2016-03-07 17:36:01	11	0	1	0
        5	2016-03-07 17:36:04	11	0	1	0
       12	2016-03-07 17:36:11	11	0	1	0
        4	2016-03-07 17:36:25	11	0	1	0
        2	2016-03-07 17:40:29	11	0	1	0
        4	2016-03-08 08:03:01	11	0	1	0
       12	2016-03-08 08:34:54	11	0	1	0
        5	2016-03-08 08:49:37	11	0	1	0
        2	2016-03-08 08:52:55	11	0	1	0
       10	2016-03-08 08:55:04	11	0	1	0
       11	2016-03-08 08:56:27	11	0	1	0
        8	2016-03-08 09:00:15	11	0	1	0
        4	2016-02-25 08:28:52	11	0	1	0
        4	2016-02-26 08:29:00	11	0	1	0
        4	2016-02-26 17:49:07	11	0	1	0
        4	2016-02-29 17:49:14	11	0	1	0
        4	2016-02-29 08:28:21	11	0	1	0
        8	2016-03-08 16:08:49	11	0	1	0
        4	2016-03-08 16:09:37	11	0	1	0
        2	2016-03-08 16:28:42	11	0	1	0
        5	2016-03-08 18:00:56	11	0	1	0
       12	2016-03-08 18:01:02	11	0	1	0
       11	2016-03-08 18:01:58	11	0	1	0
        4	2016-03-09 08:28:44	11	0	1	0
       12	2016-03-09 08:35:32	11	0	1	0
        8	2016-03-09 08:45:47	11	0	1	0
        5	2016-03-09 08:46:25	11	0	1	0
       10	2016-03-09 08:50:56	11	0	1	0
        2	2016-03-09 08:58:58	11	0	1	0
       11	2016-03-09 09:00:19	11	0	1	0
        8	2016-03-09 18:00:25	11	0	1	0
        4	2016-03-09 18:00:30	11	0	1	0
       11	2016-03-09 18:01:49	11	0	1	0
        5	2016-03-09 18:04:14	11	0	1	0
        2	2016-03-09 18:10:09	11	0	1	0
       10	2016-03-09 18:18:09	11	0	1	0
       12	2016-03-09 18:18:12	11	0	1	0
        8	2016-03-10 08:25:40	11	0	1	0
        4	2016-03-10 08:25:49	11	0	1	0
        5	2016-03-10 08:46:58	11	0	1	0
       12	2016-03-10 08:48:24	11	0	1	0
       11	2016-03-10 08:54:15	11	0	1	0
       10	2016-03-10 08:54:18	11	0	1	0
        2	2016-03-10 09:04:21	11	0	1	0
        4	2016-03-10 18:01:20	11	0	1	0
        8	2016-03-10 18:04:31	11	0	1	0
       11	2016-03-10 18:05:27	11	0	1	0
       10	2016-03-11 08:24:24	11	0	1	0
        4	2016-03-11 08:45:07	11	0	1	0
        8	2016-03-11 08:45:17	11	0	1	0
       12	2016-03-11 08:45:28	11	0	1	0
       12	2016-03-11 08:45:41	11	0	1	0
        5	2016-03-11 08:51:02	11	0	1	0
       11	2016-03-11 08:57:00	11	0	1	0
        2	2016-03-11 09:10:17	11	0	1	0
        4	2016-03-11 18:00:33	11	0	1	0
        8	2016-03-11 18:01:31	11	0	1	0
        2	2016-03-11 18:01:52	11	0	1	0
        5	2016-03-11 18:02:11	11	0	1	0
       12	2016-03-11 18:11:32	11	0	1	0
        2	2016-03-12 08:39:01	11	0	1	0
       12	2016-03-12 08:39:06	11	0	1	0
        4	2016-03-12 08:40:59	11	0	1	0
        8	2016-03-12 08:41:02	11	0	1	0
        5	2016-03-12 08:51:05	11	0	1	0
       10	2016-03-12 08:56:55	11	0	1	0
        8	2016-03-12 12:04:52	11	0	1	0
       12	2016-03-12 12:12:36	11	0	1	0
        5	2016-03-12 12:13:02	11	0	1	0
        4	2016-03-12 12:22:45	11	0	1	0
        2	2016-03-14 08:39:44	11	0	1	0
       10	2016-03-14 08:54:56	11	0	1	0
        8	2016-03-14 08:54:59	11	0	1	0
        5	2016-03-14 08:55:05	11	0	1	0
        4	2016-03-14 08:55:08	11	0	1	0
       11	2016-03-14 08:55:17	11	0	1	0
       12	2016-03-14 09:02:46	11	0	1	0
        4	2016-03-14 18:01:03	11	0	1	0
       10	2016-03-14 18:05:47	11	0	1	0
       11	2016-03-14 18:06:32	11	0	1	0
        8	2016-03-14 18:06:59	11	0	1	0
       13	2016-03-14 18:14:00	11	0	1	0
        5	2016-03-14 18:15:01	11	0	1	0
        2	2016-03-14 18:24:29	11	0	1	0
       14	2016-03-14 19:48:07	11	0	1	0
       14	2016-03-15 08:47:46	11	0	1	0
       13	2016-03-15 08:48:00	11	0	1	0
        2	2016-03-15 08:51:54	11	0	1	0
       11	2016-03-15 08:53:15	11	0	1	0
        4	2016-03-15 08:53:17	11	0	1	0
        8	2016-03-15 08:53:22	11	0	1	0
        5	2016-03-15 08:53:27	11	0	1	0
       10	2016-03-15 08:57:15	11	0	1	0
        8	2016-03-15 18:34:44	11	0	1	0
        4	2016-03-15 18:34:53	11	0	1	0
        5	2016-03-15 18:35:11	11	0	1	0
        2	2016-03-15 18:36:02	11	0	1	0
       13	2016-03-15 18:40:21	11	0	1	0
       14	2016-03-15 18:46:39	11	0	1	0
       11	2016-03-15 19:08:38	11	0	1	0
        4	2016-03-16 08:18:12	11	0	1	0
       13	2016-03-16 08:51:37	11	0	1	0
       10	2016-03-16 08:56:07	11	0	1	0
        5	2016-03-16 08:59:26	11	0	1	0
       14	2016-03-16 09:07:44	11	0	1	0
        4	2016-03-16 18:01:43	11	0	1	0
        8	2016-03-16 18:03:21	11	0	1	0
       11	2016-03-16 18:03:27	11	0	1	0
        5	2016-03-16 18:03:44	11	0	1	0
       13	2016-03-16 18:07:59	11	0	1	0
       10	2016-03-16 18:09:00	11	0	1	0
        2	2016-03-16 18:51:12	11	0	1	0
       14	2016-03-16 19:59:27	11	0	1	0
        5	2016-03-17 08:41:02	11	0	1	0
       14	2016-03-17 08:41:25	11	0	1	0
       13	2016-03-17 08:44:10	11	0	1	0
       13	2016-03-17 08:44:12	11	0	1	0
       10	2016-03-17 08:51:21	11	0	1	0
        2	2016-03-17 08:56:23	11	0	1	0
       11	2016-03-17 09:00:35	11	0	1	0
        8	2016-03-17 09:41:56	11	0	1	0
        4	2016-03-17 09:42:14	11	0	1	0
       10	2016-03-17 18:07:34	11	0	1	0
       13	2016-03-17 18:17:17	11	0	1	0
        8	2016-03-17 18:17:21	11	0	1	0
        4	2016-03-17 18:17:56	11	0	1	0
        5	2016-03-17 18:18:06	11	0	1	0
        2	2016-03-17 18:20:09	11	0	1	0
       11	2016-03-17 18:23:03	11	0	1	0
        5	2016-03-17 18:23:09	11	0	1	0
       14	2016-03-17 19:21:30	11	0	1	0
       10	2016-03-18 08:20:58	11	0	1	0
       12	2016-03-18 08:21:06	11	0	1	0
        2	2016-03-18 08:29:32	11	0	1	0
       14	2016-03-18 08:36:07	11	0	1	0
       13	2016-03-18 08:36:20	11	0	1	0
        4	2016-03-18 09:08:19	11	0	1	0
        8	2016-03-18 17:30:21	11	0	1	0
       12	2016-03-18 17:33:29	11	0	1	0
        5	2016-03-18 17:33:39	11	0	1	0
       12	2016-03-18 17:34:37	11	0	1	0
       13	2016-03-18 17:36:03	11	0	1	0
        2	2016-03-18 17:41:28	11	0	1	0
       14	2016-03-18 19:04:23	11	0	1	0
        8	2016-03-19 08:01:31	11	0	1	0
       13	2016-03-19 08:04:12	11	0	1	0
       10	2016-03-19 08:10:19	11	0	1	0
       14	2016-03-19 08:12:05	11	0	1	0
       12	2016-03-19 08:20:04	11	0	1	0
        2	2016-03-19 08:29:47	11	0	1	0
       11	2016-03-19 08:33:59	11	0	1	0
        5	2016-03-19 08:36:01	11	0	1	0
        5	2016-03-19 12:07:16	11	0	1	0
       12	2016-03-19 12:10:11	11	0	1	0
       11	2016-03-19 12:11:21	11	0	1	0
        5	2016-03-19 12:11:53	11	0	1	0
        8	2016-03-19 12:12:00	11	0	1	0
        2	2016-03-19 12:19:54	11	0	1	0
       13	2016-03-19 12:21:14	11	0	1	0
       10	2016-03-19 12:25:51	11	0	1	0
       14	2016-03-19 21:12:39	11	0	1	0
       10	2016-03-21 08:16:08	11	0	1	0
        5	2016-03-21 08:17:48	11	0	1	0
        4	2016-03-21 08:20:14	11	0	1	0
        8	2016-03-21 08:20:17	11	0	1	0
       13	2016-03-21 08:21:07	11	0	1	0
       12	2016-03-21 08:23:25	11	0	1	0
       14	2016-03-21 08:25:22	11	0	1	0
        4	2016-03-21 17:45:23	11	0	1	0
        8	2016-03-21 17:45:27	11	0	1	0
       12	2016-03-21 17:47:56	11	0	1	0
        5	2016-03-21 17:48:53	11	0	1	0
       14	2016-03-21 18:43:38	11	0	1	0
       13	2016-03-21 18:43:41	11	0	1	0
       13	2016-03-22 08:11:18	11	0	1	0
        4	2016-03-22 08:22:28	11	0	1	0
        8	2016-03-22 08:22:32	11	0	1	0
       10	2016-03-22 08:24:27	11	0	1	0
       12	2016-03-22 08:25:37	11	0	1	0
       14	2016-03-22 08:29:14	11	0	1	0
        5	2016-03-22 17:33:24	11	0	1	0
        4	2016-03-22 17:33:27	11	0	1	0
        8	2016-03-22 17:34:04	11	0	1	0
       10	2016-03-22 17:34:10	11	0	1	0
       12	2016-03-22 17:38:28	11	0	1	0
       13	2016-03-22 18:10:10	11	0	1	0
       14	2016-03-22 18:43:56	11	0	1	0
        2	2016-03-23 07:50:03	11	0	1	0
       11	2016-03-23 08:07:20	11	0	1	0
       10	2016-03-23 08:12:10	11	0	1	0
       12	2016-03-23 08:14:23	11	0	1	0
        4	2016-03-23 08:21:36	11	0	1	0
        8	2016-03-23 08:21:43	11	0	1	0
       13	2016-03-23 08:22:06	11	0	1	0
        4	2016-03-23 08:22:28	11	0	1	0
       14	2016-03-23 08:29:06	11	0	1	0
        4	2016-03-23 17:31:34	11	0	1	0
        5	2016-03-23 17:37:01	11	0	1	0
        8	2016-03-23 17:37:12	11	0	1	0
       12	2016-03-23 17:37:15	11	0	1	0
        2	2016-03-23 17:37:56	11	0	1	0
       10	2016-03-23 17:38:07	11	0	1	0
       12	2016-03-23 17:38:26	11	0	1	0
       11	2016-03-23 17:38:37	11	0	1	0
       13	2016-03-23 17:45:08	11	0	1	0
       14	2016-03-23 20:09:55	11	0	1	0
       11	2016-03-24 07:59:52	11	0	1	0
       10	2016-03-24 08:18:07	11	0	1	0
       13	2016-03-24 08:19:22	11	0	1	0
        5	2016-03-24 08:21:33	11	0	1	0
       12	2016-03-24 08:21:35	11	0	1	0
        8	2016-03-24 08:24:04	11	0	1	0
        4	2016-03-24 08:24:07	11	0	1	0
       14	2016-03-24 08:26:28	11	0	1	0
        2	2016-03-24 08:30:32	11	0	1	0
       11	2016-03-24 17:33:47	11	0	1	0
        8	2016-03-24 17:33:54	11	0	1	0
        5	2016-03-24 17:34:36	11	0	1	0
       12	2016-03-24 17:38:59	11	0	1	0
        8	2016-03-24 17:39:32	11	0	1	0
       12	2016-03-24 17:41:09	11	0	1	0
        4	2016-03-24 17:47:13	11	0	1	0
       13	2016-03-24 17:54:58	11	0	1	0
       14	2016-03-24 20:06:51	11	0	1	0
       11	2016-03-25 08:01:03	11	0	1	0
        5	2016-03-25 08:16:26	11	0	1	0
        4	2016-03-25 08:18:57	11	0	1	0
        8	2016-03-25 08:19:01	11	0	1	0
       13	2016-03-25 08:20:16	11	0	1	0
       10	2016-03-25 08:21:39	11	0	1	0
       14	2016-03-25 08:27:39	11	0	1	0
        2	2016-03-25 08:28:08	11	0	1	0
       12	2016-03-25 08:28:50	11	0	1	0
        4	2016-03-25 17:34:05	11	0	1	0
        5	2016-03-25 17:34:25	11	0	1	0
        8	2016-03-25 17:34:44	11	0	1	0
       11	2016-03-25 17:37:37	11	0	1	0
        2	2016-03-25 17:43:18	11	0	1	0
       13	2016-03-25 18:06:18	11	0	1	0
       14	2016-03-25 18:43:45	11	0	1	0
       10	2016-03-26 08:03:02	11	0	1	0
        4	2016-03-26 08:08:51	11	0	1	0
        8	2016-03-26 08:08:54	11	0	1	0
       12	2016-03-26 08:10:33	11	0	1	0
        5	2016-03-26 08:13:48	11	0	1	0
       14	2016-03-26 08:27:35	11	0	1	0
       11	2016-03-26 08:28:08	11	0	1	0
        2	2016-03-26 08:28:47	11	0	1	0
        5	2016-03-26 12:04:25	11	0	1	0
        4	2016-03-26 12:04:55	11	0	1	0
        8	2016-03-26 12:05:19	11	0	1	0
       11	2016-03-26 12:09:51	11	0	1	0
       10	2016-03-26 12:09:57	11	0	1	0
       12	2016-03-26 12:10:09	11	0	1	0
       14	2016-03-26 12:49:39	11	0	1	0
        2	2016-03-26 12:50:44	11	0	1	0
       14	2016-03-26 22:01:54	11	0	1	0
       14	2016-03-27 16:43:36	11	0	1	0
       14	2016-03-27 20:29:29	11	0	1	0
        5	2016-03-28 08:06:12	11	0	1	0
       11	2016-03-28 08:10:40	11	0	1	0
       12	2016-03-28 08:10:46	11	0	1	0
       13	2016-03-28 08:15:21	11	0	1	0
        8	2016-03-28 08:18:18	11	0	1	0
        4	2016-03-28 08:18:23	11	0	1	0
       12	2016-03-28 08:18:50	11	0	1	0
       10	2016-03-28 08:23:18	11	0	1	0
       14	2016-03-28 08:26:19	11	0	1	0
        2	2016-03-28 08:42:30	11	0	1	0
        4	2016-03-28 17:32:00	11	0	1	0
        8	2016-03-28 17:33:00	11	0	1	0
        5	2016-03-28 17:33:04	11	0	1	0
       13	2016-03-28 17:33:41	11	0	1	0
       11	2016-03-28 17:34:53	11	0	1	0
       10	2016-03-28 17:35:00	11	0	1	0
       14	2016-03-28 19:28:46	11	0	1	0
        4	2016-03-29 08:10:45	11	0	1	0
        8	2016-03-29 08:10:48	11	0	1	0
       13	2016-03-29 08:15:57	11	0	1	0
       10	2016-03-29 08:20:59	11	0	1	0
        5	2016-03-29 08:22:40	11	0	1	0
       12	2016-03-29 08:22:44	11	0	1	0
       11	2016-03-29 08:23:17	11	0	1	0
       14	2016-03-29 08:24:04	11	0	1	0
        2	2016-03-29 08:29:37	11	0	1	0
        2	2016-03-29 17:44:01	11	0	1	0
       12	2016-03-29 17:44:17	11	0	1	0
        4	2016-03-29 17:47:10	11	0	1	0
       11	2016-03-29 17:49:30	11	0	1	0
       10	2016-03-29 17:55:23	11	0	1	0
       13	2016-03-29 18:11:20	11	0	1	0
        5	2016-03-29 18:54:37	11	0	1	0
        8	2016-03-29 19:07:12	11	0	1	0
       14	2016-03-29 19:10:55	11	0	1	0
       12	2016-03-30 07:19:42	11	0	1	0
       13	2016-03-30 08:12:02	11	0	1	0
       10	2016-03-30 08:20:58	11	0	1	0
       11	2016-03-30 08:31:07	11	0	1	0
        8	2016-03-30 08:28:15	11	0	1	0
        4	2016-03-30 08:28:18	11	0	1	0
        2	2016-03-30 08:28:20	11	0	1	0
        2	2016-03-30 08:28:22	11	0	1	0
        5	2016-03-30 08:28:28	11	0	1	0
        4	2016-03-31 08:29:06	11	0	1	0
        8	2016-03-31 08:29:11	11	0	1	0
        2	2016-03-31 08:29:14	11	0	1	0
        5	2016-03-31 08:29:19	11	0	1	0
        5	2016-03-18 08:26:14	11	0	1	0
        5	2016-03-19 08:29:21	11	0	1	0
        5	2016-03-22 08:29:27	11	0	1	0
        5	2016-03-23 08:26:35	11	0	1	0
        4	2016-03-18 17:34:47	11	0	1	0
        2	2016-03-24 18:35:12	11	0	1	0
        2	2016-03-28 18:35:30	11	0	1	0
        4	2016-03-30 17:37:22	11	0	1	0
       11	2016-03-30 17:38:43	11	0	1	0
        5	2016-03-30 17:39:13	11	0	1	0
        8	2016-03-30 17:39:35	11	0	1	0
        2	2016-03-30 17:46:57	11	0	1	0
       13	2016-03-30 18:26:25	11	0	1	0
       12	2016-03-31 07:46:13	11	0	1	0
       12	2016-03-30 17:50:57	11	0	1	0
       12	2016-03-31 07:49:45	11	0	1	0
       13	2016-03-31 08:16:29	11	0	1	0
        5	2016-03-31 08:23:24	11	0	1	0
       10	2016-03-31 08:23:31	11	0	1	0
       11	2016-03-31 08:24:47	11	0	1	0
        4	2016-03-31 17:31:57	11	0	1	0
        5	2016-03-31 17:32:47	11	0	1	0
        8	2016-03-31 17:32:50	11	0	1	0
       11	2016-03-31 17:33:44	11	0	1	0
       12	2016-03-31 17:34:48	11	0	1	0
        2	2016-03-31 17:36:28	11	0	1	0
       13	2016-03-31 17:37:18	11	0	1	0
       10	2016-03-31 17:37:34	11	0	1	0
       14	2016-03-31 18:35:01	11	0	1	0
       13	2016-04-01 08:16:24	11	0	1	0
       10	2016-04-01 08:18:15	11	0	1	0
        8	2016-04-01 08:18:19	11	0	1	0
        4	2016-04-01 08:18:23	11	0	1	0
       12	2016-04-01 08:24:33	11	0	1	0
       11	2016-04-01 08:27:01	11	0	1	0
        5	2016-04-01 08:27:04	11	0	1	0
        2	2016-04-01 08:40:03	11	0	1	0
       14	2016-04-01 09:11:28	11	0	1	0
       14	2016-04-01 15:03:39	11	0	1	0
        4	2016-04-01 17:32:59	11	0	1	0
        5	2016-04-01 17:33:46	11	0	1	0
       12	2016-04-01 17:35:05	11	0	1	0
       11	2016-04-01 17:36:25	11	0	1	0
        2	2016-04-01 17:38:27	11	0	1	0
       13	2016-04-01 18:45:53	11	0	1	0
        2	2016-04-04 11:05:42	11	0	1	0
        2	2016-04-04 16:34:37	11	0	1	0
        4	2016-04-05 08:18:09	11	0	1	0
        8	2016-04-05 08:18:12	11	0	1	0
       13	2016-04-05 08:19:00	11	0	1	0
       10	2016-04-05 08:24:03	11	0	1	0
       12	2016-04-05 08:25:43	11	0	1	0
       14	2016-04-05 08:28:36	11	0	1	0
        2	2016-04-05 08:43:35	11	0	1	0
        2	2016-04-05 17:42:07	11	0	1	0
       13	2016-04-05 17:43:15	11	0	1	0
        8	2016-04-05 17:43:23	11	0	1	0
       11	2016-04-05 17:43:44	11	0	1	0
       12	2016-04-05 17:45:09	11	0	1	0
       14	2016-04-05 18:36:52	11	0	1	0
        2	2016-04-06 08:08:48	11	0	1	0
       13	2016-04-06 08:14:18	11	0	1	0
        4	2016-04-06 08:18:19	11	0	1	0
       12	2016-04-06 08:18:29	11	0	1	0
       10	2016-04-06 08:20:22	11	0	1	0
       14	2016-04-06 08:26:47	11	0	1	0
        5	2016-04-06 08:29:41	11	0	1	0
        4	2016-04-06 17:34:15	11	0	1	0
       12	2016-04-06 17:35:55	11	0	1	0
       10	2016-04-06 17:41:25	11	0	1	0
       12	2016-04-06 17:41:38	11	0	1	0
        5	2016-04-06 17:59:33	11	0	1	0
       13	2016-04-06 18:15:17	11	0	1	0
        2	2016-04-06 19:02:46	11	0	1	0
       14	2016-04-06 19:18:15	11	0	1	0
       10	2016-04-07 07:53:48	11	0	1	0
        4	2016-04-07 08:10:27	11	0	1	0
       12	2016-04-07 08:21:48	11	0	1	0
       13	2016-04-07 08:23:50	11	0	1	0
       14	2016-04-07 08:25:27	11	0	1	0
        2	2016-04-07 08:30:06	11	0	1	0
       11	2016-04-07 08:25:58	11	0	1	0
       11	2016-04-06 08:26:16	11	0	1	0
       11	2016-04-05 08:26:40	11	0	1	0
       13	2016-04-07 17:36:29	11	0	1	0
       12	2016-04-07 17:36:39	11	0	1	0
        2	2016-04-07 17:38:35	11	0	1	0
       14	2016-04-07 19:05:33	11	0	1	0
        2	2016-04-08 08:12:25	11	0	1	0
        4	2016-04-08 08:17:43	11	0	1	0
        8	2016-04-08 08:17:45	11	0	1	0
       11	2016-04-08 08:26:39	11	0	1	0
       12	2016-04-08 08:26:43	11	0	1	0
       10	2016-04-08 08:28:23	11	0	1	0
       13	2016-04-08 08:29:02	11	0	1	0
       14	2016-04-08 08:32:16	11	0	1	0
        4	2016-04-08 17:31:02	11	0	1	0
       11	2016-04-08 17:31:42	11	0	1	0
        8	2016-04-08 17:31:48	11	0	1	0
        5	2016-04-08 17:31:52	11	0	1	0
        2	2016-04-08 17:32:02	11	0	1	0
       12	2016-04-08 17:33:07	11	0	1	0
       14	2016-04-08 18:02:31	11	0	1	0
       10	2016-04-09 08:05:32	11	0	1	0
        8	2016-04-09 08:08:48	11	0	1	0
       12	2016-04-09 08:12:40	11	0	1	0
       13	2016-04-09 08:12:44	11	0	1	0
        2	2016-04-09 08:27:04	11	0	1	0
       14	2016-04-09 08:27:11	11	0	1	0
        8	2016-04-09 12:05:40	11	0	1	0
        5	2016-04-09 12:06:42	11	0	1	0
        2	2016-04-09 14:21:43	11	0	1	0
       13	2016-04-09 17:05:03	11	0	1	0
       14	2016-04-09 18:49:55	11	0	1	0
       10	2016-04-09 19:48:30	11	0	1	0
       12	2016-04-09 19:48:38	11	0	1	0
       11	2016-04-09 19:48:40	11	0	1	0
       11	2016-04-06 17:35:44	11	0	1	0
       11	2016-04-07 17:36:00	11	0	1	0
       11	2016-04-09 08:25:19	11	0	1	0
       11	2016-04-10 08:25:39	11	0	1	0
       11	2016-03-18 08:26:13	11	0	1	0
       11	2016-03-18 17:40:53	11	0	1	0
       11	2016-04-10 17:40:22	11	0	1	0
       12	2016-04-11 08:14:20	11	0	1	0
       14	2016-04-11 08:16:48	11	0	1	0
       13	2016-04-11 08:19:55	11	0	1	0
       10	2016-04-11 08:23:19	11	0	1	0
        2	2016-04-11 08:25:51	11	0	1	0
        4	2016-04-11 08:27:39	11	0	1	0
        8	2016-04-11 08:27:48	11	0	1	0
       12	2016-04-11 12:00:40	11	0	1	0
        5	2016-04-11 17:32:57	11	0	1	0
        4	2016-04-11 17:33:33	11	0	1	0
        8	2016-04-11 17:34:41	11	0	1	0
        2	2016-04-11 17:36:51	11	0	1	0
       13	2016-04-11 18:47:34	11	0	1	0
       10	2016-04-11 18:50:00	11	0	1	0
       12	2016-04-11 18:59:44	11	0	1	0
       12	2016-04-11 19:00:07	11	0	1	0
       14	2016-04-11 19:38:56	11	0	1	0
        2	2016-04-12 08:10:33	11	0	1	0
       14	2016-04-12 08:16:22	11	0	1	0
        4	2016-04-12 08:17:32	11	0	1	0
        8	2016-04-12 08:17:36	11	0	1	0
       13	2016-04-12 08:20:02	11	0	1	0
       11	2016-04-12 08:21:08	11	0	1	0
       10	2016-04-12 08:22:37	11	0	1	0
       12	2016-04-12 08:22:51	11	0	1	0
        5	2016-04-12 08:26:52	11	0	1	0
        8	2016-04-12 17:32:13	11	0	1	0
        4	2016-04-12 17:32:38	11	0	1	0
        5	2016-04-12 17:32:55	11	0	1	0
       10	2016-04-12 17:33:44	11	0	1	0
        2	2016-04-12 17:41:25	11	0	1	0
       13	2016-04-12 18:28:50	11	0	1	0
       14	2016-04-12 18:29:00	11	0	1	0
        2	2016-04-13 08:14:25	11	0	1	0
       10	2016-04-13 08:16:02	11	0	1	0
       13	2016-04-13 08:17:15	11	0	1	0
        4	2016-04-13 08:18:15	11	0	1	0
       14	2016-04-13 08:26:53	11	0	1	0
        5	2016-04-13 08:30:24	11	0	1	0
       12	2016-04-13 08:31:30	11	0	1	0
        2	2016-04-13 17:36:12	11	0	1	0
       13	2016-04-13 17:39:30	11	0	1	0
        5	2016-04-13 17:41:11	11	0	1	0
       14	2016-04-13 18:20:56	11	0	1	0
        2	2016-04-14 08:15:59	11	0	1	0
       13	2016-04-14 08:26:05	11	0	1	0
       14	2016-04-14 08:28:29	11	0	1	0
        5	2016-04-14 08:30:42	11	0	1	0
        4	2016-04-14 17:34:50	11	0	1	0
        5	2016-04-14 17:34:58	11	0	1	0
       11	2016-04-14 17:35:03	11	0	1	0
       12	2016-04-14 17:37:04	11	0	1	0
       10	2016-04-14 17:46:38	11	0	1	0
        2	2016-04-14 17:52:21	11	0	1	0
       13	2016-04-14 18:19:20	11	0	1	0
       14	2016-04-14 18:19:28	11	0	1	0
        2	2016-04-15 08:16:50	11	0	1	0
        4	2016-04-15 08:19:36	11	0	1	0
       10	2016-04-15 08:19:41	11	0	1	0
       13	2016-04-15 08:22:38	11	0	1	0
       12	2016-04-15 08:25:36	11	0	1	0
       14	2016-04-15 08:28:09	11	0	1	0
        5	2016-04-15 08:30:28	11	0	1	0
       12	2016-04-15 17:30:39	11	0	1	0
       10	2016-04-15 17:30:43	11	0	1	0
        5	2016-04-15 17:32:35	11	0	1	0
       11	2016-04-15 17:32:40	11	0	1	0
        4	2016-04-15 17:32:47	11	0	1	0
        2	2016-04-15 17:33:28	11	0	1	0
       13	2016-04-15 19:05:59	11	0	1	0
       14	2016-04-15 19:33:37	11	0	1	0
        2	2016-04-17 10:45:09	11	0	1	0
        2	2016-04-17 17:09:45	11	0	1	0
        2	2016-04-18 08:19:53	11	0	1	0
        4	2016-04-18 08:21:36	11	0	1	0
       10	2016-04-18 08:23:13	11	0	1	0
        8	2016-04-18 08:25:06	11	0	1	0
       13	2016-04-18 08:27:22	11	0	1	0
       14	2016-04-18 08:29:01	11	0	1	0
       12	2016-04-18 08:57:57	11	0	1	0
        8	2016-04-18 17:32:37	11	0	1	0
        4	2016-04-18 17:33:17	11	0	1	0
        5	2016-04-18 17:33:21	11	0	1	0
       10	2016-04-18 17:33:50	11	0	1	0
       11	2016-04-18 17:35:04	11	0	1	0
       12	2016-04-18 17:37:12	11	0	1	0
       13	2016-04-18 18:05:58	11	0	1	0
       14	2016-04-18 18:10:19	11	0	1	0
        2	2016-04-18 18:47:36	11	0	1	0
        2	2016-04-19 08:09:32	11	0	1	0
        4	2016-04-19 08:14:25	11	0	1	0
       13	2016-04-19 08:21:32	11	0	1	0
       10	2016-04-19 08:23:52	11	0	1	0
       12	2016-04-19 08:27:23	11	0	1	0
        5	2016-04-19 08:29:43	11	0	1	0
       14	2016-04-19 08:30:38	11	0	1	0
       11	2016-04-19 17:33:00	11	0	1	0
        4	2016-04-19 17:33:29	11	0	1	0
        5	2016-04-19 17:33:59	11	0	1	0
       12	2016-04-19 17:35:21	11	0	1	0
       12	2016-04-19 17:44:32	11	0	1	0
       13	2016-04-19 17:50:44	11	0	1	0
       14	2016-04-19 18:00:41	11	0	1	0
        2	2016-04-19 18:39:33	11	0	1	0
        2	2016-04-20 08:08:25	11	0	1	0
       12	2016-04-20 08:08:44	11	0	1	0
       14	2016-04-20 08:10:59	11	0	1	0
       13	2016-04-20 08:25:00	11	0	1	0
       12	2016-04-20 17:32:46	11	0	1	0
       13	2016-04-20 18:11:30	11	0	1	0
        2	2016-04-20 18:29:44	11	0	1	0
       14	2016-04-20 18:54:29	11	0	1	0
       14	2016-04-20 18:55:55	11	0	1	0
        4	2016-04-21 08:05:33	11	0	1	0
        8	2016-04-21 08:05:40	11	0	1	0
       12	2016-04-21 08:05:44	11	0	1	0
        5	2016-04-21 08:15:30	11	0	1	0
       11	2016-04-21 08:17:23	11	0	1	0
       10	2016-04-21 08:21:29	11	0	1	0
       14	2016-04-21 08:21:51	11	0	1	0
       13	2016-04-21 08:22:00	11	0	1	0
        2	2016-04-21 08:22:45	11	0	1	0
        4	2016-04-20 08:28:50	11	0	1	0
        8	2016-04-20 08:28:54	11	0	1	0
        5	2016-04-20 08:28:57	11	0	1	0
        4	2016-04-20 17:38:07	11	0	1	0
        8	2016-04-20 17:38:11	11	0	1	0
       11	2016-04-20 17:38:13	11	0	1	0
        5	2016-04-20 17:38:16	11	0	1	0
       12	2016-04-21 17:31:12	11	0	1	0
        4	2016-04-21 17:32:14	11	0	1	0
        8	2016-04-21 17:32:34	11	0	1	0
       11	2016-04-21 17:32:51	11	0	1	0
        5	2016-04-21 17:32:53	11	0	1	0
       13	2016-04-21 17:39:02	11	0	1	0
       10	2016-04-21 17:47:40	11	0	1	0
        2	2016-04-21 18:33:47	11	0	1	0
       14	2016-04-21 19:05:38	11	0	1	0
        8	2016-04-22 07:54:10	11	0	1	0
       10	2016-04-22 08:19:42	11	0	1	0
       13	2016-04-22 08:19:45	11	0	1	0
        4	2016-04-22 08:22:01	11	0	1	0
       12	2016-04-22 08:22:04	11	0	1	0
        2	2016-04-22 08:22:22	11	0	1	0
        5	2016-04-22 08:24:57	11	0	1	0
       11	2016-04-22 08:27:17	11	0	1	0
       14	2016-04-22 08:29:39	11	0	1	0
        4	2016-04-22 17:31:41	11	0	1	0
        5	2016-04-22 17:32:25	11	0	1	0
       11	2016-04-22 17:32:55	11	0	1	0
        8	2016-04-22 17:58:43	11	0	1	0
       12	2016-04-22 18:41:04	11	0	1	0
       12	2016-04-22 18:42:22	11	0	1	0
       12	2016-04-22 18:43:57	11	0	1	0
        2	2016-04-22 19:05:47	11	0	1	0
       14	2016-04-22 19:06:06	11	0	1	0
       13	2016-04-22 19:06:11	11	0	1	0
        2	2016-04-23 08:10:36	11	0	1	0
       13	2016-04-23 08:10:45	11	0	1	0
       10	2016-04-23 08:12:42	11	0	1	0
       12	2016-04-23 08:19:16	11	0	1	0
        5	2016-04-23 08:25:17	11	0	1	0
        8	2016-04-23 08:29:23	11	0	1	0
        4	2016-04-23 08:29:27	11	0	1	0
       14	2016-04-23 08:29:41	11	0	1	0
       11	2016-04-23 08:35:54	11	0	1	0
        4	2016-04-23 12:00:40	11	0	1	0
        8	2016-04-23 12:00:50	11	0	1	0
       12	2016-04-23 12:01:07	11	0	1	0
        4	2016-04-23 12:01:58	11	0	1	0
        5	2016-04-23 12:02:01	11	0	1	0
       11	2016-04-23 12:02:03	11	0	1	0
       10	2016-04-23 12:02:06	11	0	1	0
        2	2016-04-23 18:50:12	11	0	1	0
       14	2016-04-23 20:02:21	11	0	1	0
       13	2016-04-23 20:02:29	11	0	1	0
        5	2016-04-24 08:23:48	11	0	1	0
        5	2016-04-08 13:26:30	11	0	1	0
        5	2016-04-09 08:26:36	11	0	1	0
        5	2016-04-18 08:28:42	11	0	1	0
       14	2016-04-24 09:47:31	11	0	1	0
       13	2016-04-24 11:10:42	11	0	1	0
        5	2016-04-24 18:09:26	11	0	1	0
       13	2016-04-24 19:15:38	11	0	1	0
       14	2016-04-24 19:15:43	11	0	1	0
       11	2016-04-25 08:14:07	11	0	1	0
        4	2016-04-25 08:20:25	11	0	1	0
        8	2016-04-25 08:20:27	11	0	1	0
       14	2016-04-25 08:20:31	11	0	1	0
       10	2016-04-25 08:20:37	11	0	1	0
        5	2016-04-25 08:21:26	11	0	1	0
       13	2016-04-25 08:21:29	11	0	1	0
       12	2016-04-25 08:29:40	11	0	1	0
        2	2016-04-25 08:52:45	11	0	1	0
        8	2016-04-25 17:36:02	11	0	1	0
       11	2016-04-25 17:38:48	11	0	1	0
        4	2016-04-25 17:39:09	11	0	1	0
        5	2016-04-25 17:39:29	11	0	1	0
       13	2016-04-25 18:39:32	11	0	1	0
        2	2016-04-25 19:03:31	11	0	1	0
       14	2016-04-25 20:19:43	11	0	1	0
        4	2016-04-26 08:16:52	11	0	1	0
        8	2016-04-26 08:16:59	11	0	1	0
       10	2016-04-26 08:20:49	11	0	1	0
       12	2016-04-26 08:20:59	11	0	1	0
       14	2016-04-26 08:22:40	11	0	1	0
        5	2016-04-26 08:24:53	11	0	1	0
       13	2016-04-26 08:26:22	11	0	1	0
        2	2016-04-26 08:27:07	11	0	1	0
        8	2016-04-26 17:31:42	11	0	1	0
        4	2016-04-26 17:48:27	11	0	1	0
        5	2016-04-26 17:49:19	11	0	1	0
       13	2016-04-26 18:01:11	11	0	1	0
        2	2016-04-26 19:01:47	11	0	1	0
       12	2016-04-26 19:04:42	11	0	1	0
       12	2016-04-26 19:06:58	11	0	1	0
       14	2016-04-26 19:20:30	11	0	1	0
       14	2016-04-26 19:22:00	11	0	1	0
        2	2016-04-27 07:47:28	11	0	1	0
        8	2016-04-27 08:19:46	11	0	1	0
        4	2016-04-27 08:19:49	11	0	1	0
       12	2016-04-27 08:19:53	11	0	1	0
       10	2016-04-27 08:21:02	11	0	1	0
       12	2016-04-27 08:24:47	11	0	1	0
       13	2016-04-27 08:26:30	11	0	1	0
       14	2016-04-27 08:35:44	11	0	1	0
        4	2016-04-27 17:49:34	11	0	1	0
       11	2016-04-27 17:50:13	11	0	1	0
       12	2016-04-27 17:51:28	11	0	1	0
       10	2016-04-27 17:51:38	11	0	1	0
       13	2016-04-27 18:32:04	11	0	1	0
        2	2016-04-27 19:15:24	11	0	1	0
        5	2016-04-27 20:34:49	11	0	1	0
       14	2016-04-27 21:15:56	11	0	1	0
       12	2016-04-28 08:15:44	11	0	1	0
        4	2016-04-28 08:17:39	11	0	1	0
        8	2016-04-28 08:17:42	11	0	1	0
       10	2016-04-28 08:22:33	11	0	1	0
       12	2016-04-28 08:24:01	11	0	1	0
       13	2016-04-28 08:25:04	11	0	1	0
        5	2016-04-28 08:25:07	11	0	1	0
       14	2016-04-28 08:27:14	11	0	1	0
        2	2016-04-28 08:30:59	11	0	1	0
        8	2016-04-28 17:30:17	11	0	1	0
        4	2016-04-28 17:30:22	11	0	1	0
        5	2016-04-28 17:35:07	11	0	1	0
       12	2016-04-28 17:35:12	11	0	1	0
       11	2016-04-28 17:56:12	11	0	1	0
       11	2016-04-28 08:25:51	11	0	1	0
       11	2016-04-20 08:26:15	11	0	1	0
       11	2016-04-18 08:26:34	11	0	1	0
       11	2016-04-16 08:26:55	11	0	1	0
       11	2016-04-15 08:27:20	11	0	1	0
       11	2016-04-14 08:27:43	11	0	1	0
       11	2016-04-13 08:28:02	11	0	1	0
       11	2016-04-11 08:28:22	11	0	1	0
       11	2016-04-11 17:35:40	11	0	1	0
       11	2016-04-12 17:35:59	11	0	1	0
       11	2016-04-13 17:36:14	11	0	1	0
       11	2016-04-28 18:57:43	11	0	1	0
       13	2016-04-28 18:58:47	11	0	1	0
       13	2016-04-28 18:59:13	11	0	1	0
        2	2016-04-28 19:16:47	11	0	1	0
       10	2016-04-28 19:34:06	11	0	1	0
       14	2016-04-28 19:34:11	11	0	1	0
       11	2016-04-29 08:05:39	11	0	1	0
        2	2016-04-29 08:05:44	11	0	1	0
       10	2016-04-29 08:05:47	11	0	1	0
       12	2016-04-29 08:06:59	11	0	1	0
        8	2016-04-29 08:14:55	11	0	1	0
        4	2016-04-29 08:14:57	11	0	1	0
       14	2016-04-29 08:22:55	11	0	1	0
       13	2016-04-29 08:26:31	11	0	1	0
        8	2016-04-29 17:33:25	11	0	1	0
        5	2016-04-29 17:39:55	11	0	1	0
        4	2016-04-29 17:44:13	11	0	1	0
       12	2016-04-29 17:47:15	11	0	1	0
       13	2016-04-29 18:37:40	11	0	1	0
        2	2016-04-29 18:44:05	11	0	1	0
       10	2016-04-29 19:22:44	11	0	1	0
       12	2016-04-29 19:22:45	11	0	1	0
       14	2016-04-29 19:22:50	11	0	1	0
       11	2016-04-29 19:24:51	11	0	1	0
       14	2016-04-30 09:49:15	11	0	1	0
        5	2016-04-30 10:56:06	11	0	1	0
       13	2016-04-30 11:49:27	11	0	1	0
       13	2016-04-30 18:05:13	11	0	1	0
       14	2016-04-30 21:03:03	11	0	1	0
       13	2016-05-01 09:20:38	11	0	1	0
        5	2016-05-01 09:20:46	11	0	1	0
       14	2016-05-01 09:32:22	11	0	1	0
        2	2016-05-01 10:31:46	11	0	1	0
        5	2016-05-01 18:13:00	11	0	1	0
        2	2016-05-01 19:19:02	11	0	1	0
       14	2016-05-01 20:03:24	11	0	1	0
       13	2016-05-02 10:28:27	11	0	1	0
       14	2016-05-02 10:28:32	11	0	1	0
       14	2016-05-02 10:58:53	11	0	1	0
        5	2016-05-02 12:17:41	11	0	1	0
       14	2016-05-02 20:20:03	11	0	1	0
        5	2016-05-02 20:20:12	11	0	1	0
        2	2016-05-03 07:52:18	11	0	1	0
       10	2016-05-03 08:05:26	11	0	1	0
       12	2016-05-03 08:12:04	11	0	1	0
        4	2016-05-03 08:13:55	11	0	1	0
        8	2016-05-03 08:14:07	11	0	1	0
       12	2016-05-03 08:14:10	11	0	1	0
       14	2016-05-03 08:19:54	11	0	1	0
       13	2016-05-03 08:21:30	11	0	1	0
       14	2016-05-03 08:25:30	11	0	1	0
        5	2016-05-03 08:41:34	11	0	1	0
        8	2016-05-03 17:33:08	11	0	1	0
        4	2016-05-03 17:35:16	11	0	1	0
       11	2016-05-03 17:35:20	11	0	1	0
       12	2016-05-03 17:39:17	11	0	1	0
        2	2016-05-03 19:27:43	11	0	1	0
        5	2016-05-03 19:41:02	11	0	1	0
       13	2016-05-03 19:41:09	11	0	1	0
       14	2016-05-03 19:41:41	11	0	1	0
        8	2016-05-04 08:13:28	11	0	1	0
       12	2016-05-04 08:14:54	11	0	1	0
       13	2016-05-04 08:22:54	11	0	1	0
       11	2016-05-04 08:24:02	11	0	1	0
       14	2016-05-04 08:25:43	11	0	1	0
        5	2016-05-04 08:29:15	11	0	1	0
        2	2016-05-04 08:29:20	11	0	1	0
        4	2016-05-04 08:29:24	11	0	1	0
        8	2016-05-04 17:37:54	11	0	1	0
       11	2016-05-04 17:39:08	11	0	1	0
       12	2016-05-04 18:31:03	11	0	1	0
        5	2016-05-04 18:34:59	11	0	1	0
        2	2016-05-04 19:47:56	11	0	1	0
       13	2016-05-04 19:51:18	11	0	1	0
       14	2016-05-04 21:19:34	11	0	1	0
        8	2016-05-05 08:09:19	11	0	1	0
        4	2016-05-05 08:09:23	11	0	1	0
       13	2016-05-05 08:25:18	11	0	1	0
       11	2016-05-05 08:25:21	11	0	1	0
       14	2016-05-05 08:26:54	11	0	1	0
        5	2016-05-05 08:28:19	11	0	1	0
       12	2016-05-05 08:28:30	11	0	1	0
        2	2016-05-05 08:31:10	11	0	1	0
       10	2016-05-05 17:42:35	11	0	1	0
        5	2016-05-05 17:44:50	11	0	1	0
        4	2016-05-05 17:44:59	11	0	1	0
       12	2016-05-05 18:08:21	11	0	1	0
        2	2016-05-05 19:21:26	11	0	1	0
       13	2016-05-05 20:58:59	11	0	1	0
       14	2016-05-05 22:24:01	11	0	1	0
        8	2016-05-06 08:11:40	11	0	1	0
       12	2016-05-06 08:14:51	11	0	1	0
        2	2016-05-06 08:20:43	11	0	1	0
       11	2016-05-06 08:25:57	11	0	1	0
       13	2016-05-06 08:26:00	11	0	1	0
       13	2016-05-06 08:26:11	11	0	1	0
       10	2016-05-06 08:28:15	11	0	1	0
        4	2016-05-06 08:30:31	11	0	1	0
       12	2016-05-06 17:34:04	11	0	1	0
        4	2016-05-06 17:34:09	11	0	1	0
        5	2016-05-06 17:34:51	11	0	1	0
       11	2016-05-06 17:34:53	11	0	1	0
       13	2016-05-06 17:41:21	11	0	1	0
        2	2016-05-06 18:48:15	11	0	1	0
        4	2016-05-07 08:07:09	11	0	1	0
        8	2016-05-07 08:07:17	11	0	1	0
       12	2016-05-07 08:15:29	11	0	1	0
        2	2016-05-07 08:22:08	11	0	1	0
       13	2016-05-07 08:23:54	11	0	1	0
       10	2016-05-07 08:26:29	11	0	1	0
        4	2016-05-07 12:02:00	11	0	1	0
        8	2016-05-07 12:02:25	11	0	1	0
        5	2016-05-07 12:02:40	11	0	1	0
       11	2016-05-07 12:03:52	11	0	1	0
       13	2016-05-07 12:27:07	11	0	1	0
        2	2016-05-07 12:27:10	11	0	1	0
        4	2016-05-08 09:20:24	11	0	1	0
        4	2016-05-04 17:45:08	11	0	1	0
        4	2016-05-08 17:42:58	11	0	1	0
        4	2016-05-09 08:17:01	11	0	1	0
       12	2016-05-09 08:17:07	11	0	1	0
       10	2016-05-09 08:21:59	11	0	1	0
       13	2016-05-09 08:26:49	11	0	1	0
        2	2016-05-09 08:26:56	11	0	1	0
        5	2016-05-09 08:30:35	11	0	1	0
       13	2016-05-09 17:45:16	11	0	1	0
        5	2016-05-09 17:45:19	11	0	1	0
       11	2016-05-09 17:46:23	11	0	1	0
        8	2016-05-09 17:57:51	11	0	1	0
        2	2016-05-09 18:46:57	11	0	1	0
        4	2016-04-07 17:56:26	11	0	1	0
        4	2016-05-10 07:56:36	11	0	1	0
        5	2016-05-10 08:18:25	11	0	1	0
        2	2016-05-10 08:20:50	11	0	1	0
       13	2016-05-10 08:22:28	11	0	1	0
        4	2016-05-10 08:23:31	11	0	1	0
        8	2016-05-10 08:23:35	11	0	1	0
       10	2016-05-10 08:28:06	11	0	1	0
       12	2016-05-10 08:35:40	11	0	1	0
        4	2016-05-10 17:35:55	11	0	1	0
       11	2016-05-10 17:36:10	11	0	1	0
        5	2016-05-10 17:36:17	11	0	1	0
        2	2016-05-10 17:33:48	11	0	1	0
       13	2016-05-10 17:46:56	11	0	1	0
        2	2016-05-11 08:32:13	11	0	1	0
       12	2016-05-11 08:32:17	11	0	1	0
       13	2016-05-11 08:32:20	11	0	1	0
        8	2016-05-11 08:22:58	11	0	1	0
       13	2016-05-11 08:23:05	11	0	1	0
        4	2016-05-11 08:23:17	11	0	1	0
       11	2016-05-11 08:23:55	11	0	1	0
       14	2016-05-11 11:31:11	11	0	1	0
        5	2016-05-11 08:25:06	11	0	1	0
        8	2016-05-11 16:19:56	11	0	1	0
       13	2016-05-11 17:50:27	11	0	1	0
        2	2016-05-11 18:37:33	11	0	1	0
       14	2016-05-11 18:37:57	11	0	1	0
        2	2016-05-12 08:11:45	11	0	1	0
       10	2016-05-12 08:20:57	11	0	1	0
        5	2016-05-12 08:26:26	11	0	1	0
       12	2016-05-12 08:28:33	11	0	1	0
       13	2016-05-12 08:29:29	11	0	1	0
       12	2016-05-12 08:34:02	11	0	1	0
       14	2016-05-12 08:38:13	11	0	1	0
        2	2016-05-12 12:27:36	11	0	1	0
       13	2016-05-12 17:36:07	11	0	1	0
        5	2016-05-12 17:36:14	11	0	1	0
        4	2016-05-12 17:37:05	11	0	1	0
       11	2016-05-12 17:37:07	11	0	1	0
       14	2016-05-12 17:45:34	11	0	1	0
        2	2016-05-13 07:54:08	11	0	1	0
       10	2016-05-13 08:10:57	11	0	1	0
       12	2016-05-13 08:15:45	11	0	1	0
       13	2016-05-13 08:16:33	11	0	1	0
       14	2016-05-13 08:19:03	11	0	1	0
       11	2016-05-13 08:22:39	11	0	1	0
        4	2016-05-13 08:23:23	11	0	1	0
       14	2016-05-13 13:28:18	11	0	1	0
       13	2016-05-13 17:39:35	11	0	1	0
       11	2016-05-13 17:47:09	11	0	1	0
        4	2016-05-13 17:47:46	11	0	1	0
        8	2016-05-13 17:48:06	11	0	1	0
        2	2016-05-13 18:31:16	11	0	1	0
       12	2016-05-13 18:31:23	11	0	1	0
       12	2016-05-13 18:33:58	11	0	1	0
       12	2016-05-14 08:19:47	11	0	1	0
        8	2016-05-14 08:20:55	11	0	1	0
       10	2016-05-14 08:21:39	11	0	1	0
       13	2016-05-14 08:23:41	11	0	1	0
        2	2016-05-14 08:27:34	11	0	1	0
        2	2016-05-14 08:27:36	11	0	1	0
       11	2016-05-14 08:41:31	11	0	1	0
        8	2016-05-14 12:07:14	11	0	1	0
       11	2016-05-14 12:07:46	11	0	1	0
       13	2016-05-14 12:09:35	11	0	1	0
        2	2016-05-14 12:09:37	11	0	1	0
       10	2016-05-14 12:19:59	11	0	1	0
       12	2016-05-14 12:20:52	11	0	1	0
       12	2016-05-16 07:37:43	11	0	1	0
        4	2016-05-16 08:18:13	11	0	1	0
        2	2016-05-16 08:18:18	11	0	1	0
       10	2016-05-16 08:20:29	11	0	1	0
       14	2016-05-16 08:25:17	11	0	1	0
       13	2016-05-16 08:28:16	11	0	1	0
       11	2016-05-16 08:30:06	11	0	1	0
        2	2016-05-16 12:05:05	11	0	1	0
        5	2016-05-16 17:36:00	11	0	1	0
        4	2016-05-16 17:38:10	11	0	1	0
       13	2016-05-16 18:02:12	11	0	1	0
       14	2016-05-16 18:17:51	11	0	1	0
       14	2016-05-17 08:17:36	11	0	1	0
       12	2016-05-17 08:20:47	11	0	1	0
        4	2016-05-17 08:21:17	11	0	1	0
        8	2016-05-17 08:21:21	11	0	1	0
       13	2016-05-17 08:23:27	11	0	1	0
       10	2016-05-17 08:29:30	11	0	1	0
        5	2016-05-17 15:12:49	11	0	1	0
       13	2016-05-17 15:35:49	11	0	1	0
       10	2016-05-17 17:34:55	11	0	1	0
        4	2016-05-17 17:35:19	11	0	1	0
       11	2016-05-17 17:35:43	11	0	1	0
       13	2016-05-17 17:59:08	11	0	1	0
       12	2016-05-17 18:03:09	11	0	1	0
       14	2016-05-17 18:19:07	11	0	1	0
        4	2016-05-18 08:14:22	11	0	1	0
       12	2016-05-18 08:15:22	11	0	1	0
       13	2016-05-18 08:16:12	11	0	1	0
       14	2016-05-18 08:19:09	11	0	1	0
       10	2016-05-18 08:21:46	11	0	1	0
        4	2016-05-18 17:33:04	11	0	1	0
        8	2016-05-18 17:34:04	11	0	1	0
       12	2016-05-18 17:34:29	11	0	1	0
       10	2016-05-18 17:34:38	11	0	1	0
       12	2016-05-18 17:48:47	11	0	1	0
       14	2016-05-18 18:04:16	11	0	1	0
       13	2016-05-19 08:18:47	11	0	1	0
       10	2016-05-19 08:18:50	11	0	1	0
       12	2016-05-19 08:23:11	11	0	1	0
       12	2016-05-19 08:26:00	11	0	1	0
       14	2016-05-19 08:27:11	11	0	1	0
        4	2016-05-19 08:30:50	11	0	1	0
        4	2016-05-19 17:35:23	11	0	1	0
       13	2016-05-19 17:41:11	11	0	1	0
       14	2016-05-19 17:41:17	11	0	1	0
        8	2016-05-20 08:07:24	11	0	1	0
       10	2016-05-20 08:16:20	11	0	1	0
       13	2016-05-20 08:18:52	11	0	1	0
       14	2016-05-20 08:21:03	11	0	1	0
       12	2016-05-20 08:22:54	11	0	1	0
        2	2016-05-20 10:38:55	11	0	1	0
       12	2016-05-20 17:41:18	11	0	1	0
       13	2016-05-20 17:41:42	11	0	1	0
       12	2016-05-20 17:54:34	11	0	1	0
        2	2016-05-20 18:19:57	11	0	1	0
       14	2016-05-20 20:52:49	11	0	1	0
       12	2016-05-21 07:53:43	11	0	1	0
       12	2016-05-21 07:58:22	11	0	1	0
       10	2016-05-21 08:09:11	11	0	1	0
       14	2016-05-21 08:15:02	11	0	1	0
       13	2016-05-21 08:15:06	11	0	1	0
        2	2016-05-21 08:19:17	11	0	1	0
        4	2016-05-21 08:23:16	11	0	1	0
        8	2016-05-21 08:23:19	11	0	1	0
        8	2016-05-21 12:00:12	11	0	1	0
       10	2016-05-21 12:00:27	11	0	1	0
        4	2016-05-21 12:00:32	11	0	1	0
        2	2016-05-21 12:27:06	11	0	1	0
       13	2016-05-21 12:36:19	11	0	1	0
       14	2016-05-21 19:35:35	11	0	1	0
       14	2016-05-22 09:40:47	11	0	1	0
       14	2016-05-22 19:57:22	11	0	1	0
        8	2016-05-23 08:16:41	11	0	1	0
        4	2016-05-23 08:16:45	11	0	1	0
       12	2016-05-23 08:20:18	11	0	1	0
       14	2016-05-23 08:25:14	11	0	1	0
        2	2016-05-23 08:26:44	11	0	1	0
       12	2016-05-23 17:30:52	11	0	1	0
        4	2016-05-23 17:34:37	11	0	1	0
       14	2016-05-23 17:44:32	11	0	1	0
       13	2016-05-23 17:44:35	11	0	1	0
        2	2016-05-23 18:55:07	11	0	1	0
        8	2016-05-24 07:55:49	11	0	1	0
       13	2016-05-24 08:13:35	11	0	1	0
        2	2016-05-24 08:19:13	11	0	1	0
       14	2016-05-24 08:23:15	11	0	1	0
        4	2016-05-24 08:30:00	11	0	1	0
       11	2016-05-24 08:33:01	11	0	1	0
        8	2016-05-24 17:30:11	11	0	1	0
        4	2016-05-24 17:31:13	11	0	1	0
       11	2016-05-24 17:31:33	11	0	1	0
       13	2016-05-24 17:54:50	11	0	1	0
        2	2016-05-24 19:10:39	11	0	1	0
       14	2016-05-24 19:26:26	11	0	1	0
        8	2016-05-25 08:23:33	11	0	1	0
        4	2016-05-25 08:23:38	11	0	1	0
       13	2016-05-25 08:23:53	11	0	1	0
        2	2016-05-25 08:26:04	11	0	1	0
       11	2016-05-25 17:39:18	11	0	1	0
        4	2016-05-25 17:39:21	11	0	1	0
        2	2016-05-25 18:21:11	11	0	1	0
       13	2016-05-25 21:15:39	11	0	1	0
        4	2016-05-26 08:04:55	11	0	1	0
        8	2016-05-26 08:04:59	11	0	1	0
       12	2016-05-26 08:11:26	11	0	1	0
       13	2016-05-26 08:13:52	11	0	1	0
        2	2016-05-26 08:20:03	11	0	1	0
       10	2016-05-26 08:20:06	11	0	1	0
       14	2016-05-26 08:26:12	11	0	1	0
       11	2016-05-26 17:38:54	11	0	1	0
        4	2016-05-26 17:39:06	11	0	1	0
       10	2016-05-26 17:40:27	11	0	1	0
       12	2016-05-26 17:56:51	11	0	1	0
       13	2016-05-26 17:59:00	11	0	1	0
       12	2016-05-26 18:01:37	11	0	1	0
        2	2016-05-26 19:14:53	11	0	1	0
       14	2016-05-26 19:16:28	11	0	1	0
        4	2016-05-27 08:10:31	11	0	1	0
        8	2016-05-27 08:10:37	11	0	1	0
       13	2016-05-27 08:14:40	11	0	1	0
       10	2016-05-27 08:15:19	11	0	1	0
       12	2016-05-27 08:21:57	11	0	1	0
       14	2016-05-27 08:23:35	11	0	1	0
        2	2016-05-27 08:23:42	11	0	1	0
       12	2016-05-27 08:23:50	11	0	1	0
       11	2016-05-27 17:34:13	11	0	1	0
        4	2016-05-27 17:34:22	11	0	1	0
       12	2016-05-27 17:34:50	11	0	1	0
       13	2016-05-27 18:03:32	11	0	1	0
       14	2016-05-27 18:21:04	11	0	1	0
        2	2016-05-27 19:00:21	11	0	1	0
       12	2016-05-28 07:57:15	11	0	1	0
        4	2016-05-28 08:08:23	11	0	1	0
        8	2016-05-28 08:08:26	11	0	1	0
        8	2016-05-28 12:08:56	11	0	1	0
        4	2016-05-28 12:08:59	11	0	1	0
        2	2016-05-28 08:16:55	11	0	1	0
       13	2016-05-28 08:18:08	11	0	1	0
       14	2016-05-28 08:24:50	11	0	1	0
        2	2016-05-28 08:25:24	11	0	1	0
       13	2016-05-28 12:10:59	11	0	1	0
       13	2016-05-28 12:12:23	11	0	1	0
        2	2016-05-28 12:23:57	11	0	1	0
       14	2016-05-28 19:55:48	11	0	1	0
       12	2016-05-30 08:00:59	11	0	1	0
        2	2016-05-30 08:12:11	11	0	1	0
        8	2016-05-30 08:14:37	11	0	1	0
        4	2016-05-30 08:14:42	11	0	1	0
       13	2016-05-30 08:16:51	11	0	1	0
       10	2016-05-30 08:16:58	11	0	1	0
       11	2016-05-30 08:21:23	11	0	1	0
       13	2016-05-30 08:23:18	11	0	1	0
       14	2016-05-30 08:25:11	11	0	1	0
        4	2016-05-30 17:36:47	11	0	1	0
       13	2016-05-30 17:39:33	11	0	1	0
       12	2016-05-30 17:41:31	11	0	1	0
       11	2016-05-30 17:42:58	11	0	1	0
       14	2016-05-30 17:44:13	11	0	1	0
        2	2016-05-20 08:30:12	11	0	1	0
        2	2016-05-30 18:28:42	11	0	1	0
        2	2016-05-30 18:42:17	11	0	1	0
       12	2016-05-31 08:15:13	11	0	1	0
       13	2016-05-31 08:22:12	11	0	1	0
        4	2016-05-31 08:28:05	11	0	1	0
        8	2016-05-31 08:28:08	11	0	1	0
       14	2016-05-31 08:28:54	11	0	1	0
        2	2016-05-31 08:30:30	11	0	1	0
       11	2016-05-31 08:32:52	11	0	1	0
        8	2016-05-31 17:35:05	11	0	1	0
       11	2016-05-31 17:37:04	11	0	1	0
        4	2016-05-31 17:37:10	11	0	1	0
       13	2016-05-31 17:44:05	11	0	1	0
       12	2016-05-31 18:04:44	11	0	1	0
       14	2016-05-31 18:33:39	11	0	1	0
       12	2016-05-31 18:34:28	11	0	1	0
       14	2016-05-31 18:36:49	11	0	1	0
        2	2016-05-31 18:54:04	11	0	1	0
       12	2016-06-01 07:55:45	11	0	1	0
       12	2016-06-01 08:03:01	11	0	1	0
        8	2016-06-01 08:15:53	11	0	1	0
        4	2016-06-01 08:15:57	11	0	1	0
       13	2016-06-01 08:16:02	11	0	1	0
       10	2016-06-01 08:17:34	11	0	1	0
       11	2016-06-01 08:18:00	11	0	1	0
        2	2016-06-01 08:33:37	11	0	1	0
       14	2016-06-01 08:37:56	11	0	1	0
        4	2016-06-01 17:38:11	11	0	1	0
       10	2016-06-01 17:38:36	11	0	1	0
        8	2016-06-01 17:38:48	11	0	1	0
       11	2016-06-01 17:40:11	11	0	1	0
       13	2016-06-01 17:43:34	11	0	1	0
       12	2016-06-01 17:43:55	11	0	1	0
       12	2016-06-01 17:47:47	11	0	1	0
        2	2016-06-01 18:16:56	11	0	1	0
       14	2016-06-01 18:38:16	11	0	1	0
       13	2016-06-02 08:16:50	11	0	1	0
       10	2016-06-02 08:19:55	11	0	1	0
       12	2016-06-02 08:20:20	11	0	1	0
       14	2016-06-02 08:22:25	11	0	1	0
        4	2016-06-02 08:23:41	11	0	1	0
        8	2016-06-02 08:23:45	11	0	1	0
        2	2016-06-02 08:23:50	11	0	1	0
       14	2016-06-02 08:23:55	11	0	1	0
       11	2016-06-02 08:33:37	11	0	1	0
        8	2016-06-02 17:32:20	11	0	1	0
        4	2016-06-02 17:34:32	11	0	1	0
       11	2016-06-02 17:35:01	11	0	1	0
       13	2016-06-02 17:35:14	11	0	1	0
        4	2016-06-02 17:37:53	11	0	1	0
        2	2016-06-02 18:18:40	11	0	1	0
       14	2016-06-02 19:06:55	11	0	1	0
       12	2016-06-03 07:57:54	11	0	1	0
       12	2016-06-03 07:59:33	11	0	1	0
       10	2016-06-03 08:10:25	11	0	1	0
        2	2016-06-03 08:13:36	11	0	1	0
        2	2016-06-03 08:18:57	11	0	1	0
       14	2016-06-03 08:21:05	11	0	1	0
        8	2016-06-03 08:21:09	11	0	1	0
        4	2016-06-03 08:21:13	11	0	1	0
       13	2016-06-03 08:22:30	11	0	1	0
        8	2016-06-03 17:35:16	11	0	1	0
        4	2016-06-03 17:35:48	11	0	1	0
       11	2016-06-03 17:37:19	11	0	1	0
       13	2016-06-03 17:49:36	11	0	1	0
        2	2016-06-03 18:38:44	11	0	1	0
       14	2016-06-03 19:08:26	11	0	1	0
       10	2016-06-04 08:18:29	11	0	1	0
       12	2016-06-04 08:20:19	11	0	1	0
       13	2016-06-04 08:21:39	11	0	1	0
        4	2016-06-04 08:25:19	11	0	1	0
       11	2016-06-04 08:26:23	11	0	1	0
       14	2016-06-04 08:29:08	11	0	1	0
        2	2016-06-04 08:29:14	11	0	1	0
        4	2016-06-04 12:07:53	11	0	1	0
        2	2016-06-04 12:08:07	11	0	1	0
       11	2016-06-04 12:08:10	11	0	1	0
       12	2016-06-04 12:08:35	11	0	1	0
       10	2016-06-04 12:09:36	11	0	1	0
       14	2016-06-04 12:19:48	11	0	1	0
       14	2016-06-04 13:12:18	11	0	1	0
       14	2016-06-04 19:51:13	11	0	1	0
        4	2016-06-06 08:06:25	11	0	1	0
        8	2016-06-06 08:06:30	11	0	1	0
        2	2016-06-06 08:11:50	11	0	1	0
       12	2016-06-06 08:14:01	11	0	1	0
       13	2016-06-06 08:22:28	11	0	1	0
        2	2016-06-06 08:23:29	11	0	1	0
       11	2016-06-06 08:26:48	11	0	1	0
       14	2016-06-06 08:30:08	11	0	1	0
       13	2016-06-06 16:59:50	11	0	1	0
        8	2016-06-06 17:32:01	11	0	1	0
        4	2016-06-06 17:32:06	11	0	1	0
       12	2016-06-06 17:33:40	11	0	1	0
       11	2016-06-06 17:34:17	11	0	1	0
       12	2016-06-06 17:38:08	11	0	1	0
        2	2016-06-06 18:41:49	11	0	1	0
       14	2016-06-06 19:05:29	11	0	1	0
       12	2016-06-07 07:59:56	11	0	1	0
        4	2016-06-07 08:20:57	11	0	1	0
        8	2016-06-07 08:21:01	11	0	1	0
       13	2016-06-07 08:25:38	11	0	1	0
       14	2016-06-07 08:25:41	11	0	1	0
       11	2016-06-07 08:26:03	11	0	1	0
        2	2016-06-07 08:28:46	11	0	1	0
        8	2016-06-07 17:32:37	11	0	1	0
        4	2016-06-07 17:33:08	11	0	1	0
       13	2016-06-07 18:23:20	11	0	1	0
       14	2016-06-07 18:32:51	11	0	1	0
        2	2016-06-07 18:37:01	11	0	1	0
       10	2016-06-08 08:14:34	11	0	1	0
       13	2016-06-08 08:15:32	11	0	1	0
       12	2016-06-08 08:19:48	11	0	1	0
        8	2016-06-08 08:23:43	11	0	1	0
        4	2016-06-08 08:23:48	11	0	1	0
       12	2016-06-08 08:27:00	11	0	1	0
       14	2016-06-08 08:28:11	11	0	1	0
        2	2016-06-08 08:29:13	11	0	1	0
       11	2016-06-08 08:33:41	11	0	1	0
        8	2016-06-08 17:35:49	11	0	1	0
        4	2016-06-08 17:36:09	11	0	1	0
       11	2016-06-08 17:38:34	11	0	1	0
       10	2016-06-08 17:38:44	11	0	1	0
        2	2016-06-08 20:15:27	11	0	1	0
       14	2016-06-08 20:19:36	11	0	1	0
       13	2016-06-08 20:19:44	11	0	1	0
       12	2016-06-11 08:32:18	11	0	1	0
       12	2016-06-12 07:50:18	11	0	1	0
       11	2016-06-12 07:57:13	11	0	1	0
       12	2016-06-12 08:05:31	11	0	1	0
       10	2016-06-12 08:15:51	11	0	1	0
        2	2016-06-12 08:28:54	11	0	1	0
       14	2016-06-12 08:28:56	11	0	1	0
        8	2016-06-12 08:29:55	11	0	1	0
       13	2016-06-12 09:02:31	11	0	1	0
        4	2016-06-12 17:41:56	11	0	1	0
        8	2016-06-12 17:45:30	11	0	1	0
       13	2016-06-12 18:19:21	11	0	1	0
        2	2016-06-12 18:19:29	11	0	1	0
       13	2016-06-12 18:20:00	11	0	1	0
       11	2016-06-12 18:47:41	11	0	1	0
       14	2016-06-12 20:42:04	11	0	1	0
       12	2016-06-13 08:13:11	11	0	1	0
       10	2016-06-13 08:21:04	11	0	1	0
       14	2016-06-13 08:29:29	11	0	1	0
       13	2016-06-13 08:35:34	11	0	1	0
        2	2016-06-13 08:44:36	11	0	1	0
       11	2016-06-13 08:25:30	11	0	1	0
        4	2016-06-13 08:25:40	11	0	1	0
       10	2016-06-13 17:32:04	11	0	1	0
       11	2016-06-13 17:32:15	11	0	1	0
        4	2016-06-13 17:32:52	11	0	1	0
       13	2016-06-13 17:58:06	11	0	1	0
       14	2016-06-13 19:03:29	11	0	1	0
        2	2016-06-13 19:13:36	11	0	1	0
        2	2016-06-14 07:55:22	11	0	1	0
       12	2016-06-14 07:59:59	11	0	1	0
       12	2016-06-14 08:08:24	11	0	1	0
       13	2016-06-14 08:13:07	11	0	1	0
       10	2016-06-14 08:15:20	11	0	1	0
        8	2016-06-14 08:16:19	11	0	1	0
       11	2016-06-14 08:20:49	11	0	1	0
        4	2016-06-14 08:27:10	11	0	1	0
       14	2016-06-14 08:30:13	11	0	1	0
        4	2016-06-14 17:36:21	11	0	1	0
        8	2016-06-14 17:37:10	11	0	1	0
       11	2016-06-14 17:37:25	11	0	1	0
       13	2016-06-14 18:29:35	11	0	1	0
        2	2016-06-14 18:47:54	11	0	1	0
       14	2016-06-14 18:48:40	11	0	1	0
        2	2016-06-15 08:12:22	11	0	1	0
        8	2016-06-15 08:12:24	11	0	1	0
        4	2016-06-15 08:12:30	11	0	1	0
       13	2016-06-15 08:14:45	11	0	1	0
       11	2016-06-15 08:14:49	11	0	1	0
       10	2016-06-15 08:16:24	11	0	1	0
       14	2016-06-15 08:30:21	11	0	1	0
       12	2016-06-15 08:42:10	11	0	1	0
       11	2016-06-15 17:34:03	11	0	1	0
        8	2016-06-15 17:35:41	11	0	1	0
        4	2016-06-15 17:35:57	11	0	1	0
       13	2016-06-15 17:59:30	11	0	1	0
        2	2016-06-15 18:02:12	11	0	1	0
       14	2016-06-15 19:33:25	11	0	1	0
       12	2016-06-16 08:12:18	11	0	1	0
        8	2016-06-16 08:14:05	11	0	1	0
        4	2016-06-16 08:14:47	11	0	1	0
       10	2016-06-16 08:17:47	11	0	1	0
       11	2016-06-16 08:22:06	11	0	1	0
       13	2016-06-16 08:25:05	11	0	1	0
       14	2016-06-16 08:28:07	11	0	1	0
        2	2016-06-16 08:28:13	11	0	1	0
       10	2016-06-16 17:39:44	11	0	1	0
       12	2016-06-16 17:40:04	11	0	1	0
        8	2016-06-16 17:47:56	11	0	1	0
        4	2016-06-16 17:47:59	11	0	1	0
       13	2016-06-16 18:08:27	11	0	1	0
        2	2016-06-16 18:15:31	11	0	1	0
       11	2016-06-16 19:18:52	11	0	1	0
       14	2016-06-16 20:20:59	11	0	1	0
       12	2016-06-17 08:17:11	11	0	1	0
        8	2016-06-17 08:17:15	11	0	1	0
        4	2016-06-17 08:17:27	11	0	1	0
       10	2016-06-17 08:18:03	11	0	1	0
       13	2016-06-17 08:22:43	11	0	1	0
        2	2016-06-17 08:25:54	11	0	1	0
       11	2016-06-17 08:28:55	11	0	1	0
       14	2016-06-17 08:31:30	11	0	1	0
        8	2016-06-17 17:33:28	11	0	1	0
        4	2016-06-17 17:35:45	11	0	1	0
       12	2016-06-17 17:35:47	11	0	1	0
       12	2016-06-17 17:40:27	11	0	1	0
       10	2016-06-17 17:41:57	11	0	1	0
        2	2016-06-17 17:54:45	11	0	1	0
       13	2016-06-17 18:14:01	11	0	1	0
       11	2016-06-17 19:54:14	11	0	1	0
       14	2016-06-17 20:04:25	11	0	1	0
       10	2016-06-18 08:15:01	11	0	1	0
       13	2016-06-18 08:19:22	11	0	1	0
       13	2016-06-18 08:20:30	11	0	1	0
       12	2016-06-18 08:21:46	11	0	1	0
       11	2016-06-18 08:25:47	11	0	1	0
       14	2016-06-18 08:26:43	11	0	1	0
        4	2016-06-18 08:28:15	11	0	1	0
        8	2016-06-18 08:28:18	11	0	1	0
        2	2016-06-18 08:28:21	11	0	1	0
        8	2016-06-18 12:04:22	11	0	1	0
        4	2016-06-18 12:04:58	11	0	1	0
       10	2016-06-18 12:05:00	11	0	1	0
       12	2016-06-18 12:05:23	11	0	1	0
       11	2016-06-18 12:05:27	11	0	1	0
       13	2016-06-18 12:59:37	11	0	1	0
        2	2016-06-18 18:25:24	11	0	1	0
       14	2016-06-18 19:40:19	11	0	1	0
       14	2016-06-19 10:34:29	11	0	1	0
       14	2016-06-19 20:06:44	11	0	1	0
       12	2016-06-20 08:02:00	11	0	1	0
       12	2016-06-20 08:09:15	11	0	1	0
       13	2016-06-20 08:17:56	11	0	1	0
       11	2016-06-20 08:20:20	11	0	1	0
        8	2016-06-20 08:24:50	11	0	1	0
        4	2016-06-20 08:24:55	11	0	1	0
        4	2016-06-20 08:26:04	11	0	1	0
       10	2016-06-20 08:28:26	11	0	1	0
       14	2016-06-20 08:31:21	11	0	1	0
        2	2016-06-20 08:31:26	11	0	1	0
        2	2016-06-20 17:36:01	11	0	1	0
       11	2016-06-20 17:39:26	11	0	1	0
        8	2016-06-20 17:40:30	11	0	1	0
        4	2016-06-20 17:42:04	11	0	1	0
       14	2016-06-20 17:48:35	11	0	1	0
       13	2016-06-20 17:48:38	11	0	1	0
       13	2016-06-21 08:21:38	11	0	1	0
       12	2016-06-21 08:23:48	11	0	1	0
        2	2016-06-21 08:25:50	11	0	1	0
       12	2016-06-21 08:26:02	11	0	1	0
        4	2016-06-21 08:30:44	11	0	1	0
        8	2016-06-21 08:30:46	11	0	1	0
       14	2016-06-21 08:30:50	11	0	1	0
        4	2016-06-21 12:08:52	11	0	1	0
        8	2016-06-21 17:39:22	11	0	1	0
       13	2016-06-21 17:43:10	11	0	1	0
       13	2016-06-21 17:45:44	11	0	1	0
        4	2016-06-21 17:48:07	11	0	1	0
       14	2016-06-21 18:35:52	11	0	1	0
       14	2016-06-22 08:17:09	11	0	1	0
       12	2016-06-22 08:24:40	11	0	1	0
       13	2016-06-22 08:25:06	11	0	1	0
        4	2016-06-22 08:27:27	11	0	1	0
        8	2016-06-22 08:27:33	11	0	1	0
        2	2016-06-22 08:29:35	11	0	1	0
        4	2016-06-22 17:40:33	11	0	1	0
       12	2016-06-22 17:42:14	11	0	1	0
       13	2016-06-22 17:45:43	11	0	1	0
       10	2016-06-22 17:46:28	11	0	1	0
       12	2016-06-22 17:46:53	11	0	1	0
       10	2016-06-22 17:46:56	11	0	1	0
        4	2016-06-22 18:20:34	11	0	1	0
        4	2016-06-22 18:29:26	11	0	1	0
        2	2016-06-22 18:48:43	11	0	1	0
        2	2016-06-23 07:57:33	11	0	1	0
       13	2016-06-23 08:08:05	11	0	1	0
       12	2016-06-23 08:11:42	11	0	1	0
       10	2016-06-23 08:22:22	11	0	1	0
        8	2016-06-23 08:23:29	11	0	1	0
        4	2016-06-23 08:23:34	11	0	1	0
       12	2016-06-23 08:23:40	11	0	1	0
       14	2016-06-23 08:32:19	11	0	1	0
        8	2016-06-23 17:33:54	11	0	1	0
        4	2016-06-23 17:51:26	11	0	1	0
       13	2016-06-23 18:11:25	11	0	1	0
        2	2016-06-23 18:16:59	11	0	1	0
       14	2016-06-23 19:08:19	11	0	1	0
       10	2016-06-24 08:23:52	11	0	1	0
        2	2016-06-24 08:23:56	11	0	1	0
       14	2016-06-24 08:24:02	11	0	1	0
       13	2016-06-24 08:24:05	11	0	1	0
       12	2016-06-24 08:24:09	11	0	1	0
        4	2016-06-24 08:00:23	11	0	1	0
        8	2016-06-24 08:00:27	11	0	1	0
        4	2016-06-24 17:35:50	11	0	1	0
        8	2016-06-24 17:36:21	11	0	1	0
       12	2016-06-24 17:40:50	11	0	1	0
        2	2016-06-24 17:51:53	11	0	1	0
       13	2016-06-24 18:00:01	11	0	1	0
       14	2016-06-24 21:15:02	11	0	1	0
       14	2016-06-25 08:23:41	11	0	1	0
       13	2016-06-25 08:23:46	11	0	1	0
       12	2016-06-25 08:23:55	11	0	1	0
        2	2016-06-25 08:26:33	11	0	1	0
        8	2016-06-25 09:01:39	11	0	1	0
        8	2016-06-25 09:01:43	11	0	1	0
       12	2016-06-25 12:01:36	11	0	1	0
        8	2016-06-25 12:02:37	11	0	1	0
        2	2016-06-25 12:09:28	11	0	1	0
       13	2016-06-25 12:21:54	11	0	1	0
        4	2016-06-25 08:24:11	11	0	1	0
        4	2016-06-25 17:45:27	11	0	1	0
       14	2016-06-25 19:14:13	11	0	1	0
       14	2016-06-26 10:04:44	11	0	1	0
       14	2016-06-26 19:19:31	11	0	1	0
       10	2016-06-27 08:25:36	11	0	1	0
       12	2016-06-27 08:25:39	11	0	1	0
       13	2016-06-27 08:25:44	11	0	1	0
       14	2016-06-27 08:25:54	11	0	1	0
        2	2016-06-27 08:29:49	11	0	1	0
        8	2016-06-27 09:06:10	11	0	1	0
        8	2016-06-27 17:32:06	11	0	1	0
       10	2016-06-27 17:32:14	11	0	1	0
       12	2016-06-27 17:32:39	11	0	1	0
       13	2016-06-27 17:44:34	11	0	1	0
        2	2016-06-27 17:51:00	11	0	1	0
       14	2016-06-27 18:04:14	11	0	1	0
       12	2016-06-28 08:18:56	11	0	1	0
       13	2016-06-28 08:19:03	11	0	1	0
        2	2016-06-28 08:19:04	11	0	1	0
        4	2016-06-28 08:21:37	11	0	1	0
        8	2016-06-28 08:21:40	11	0	1	0
       14	2016-06-28 08:25:22	11	0	1	0
       10	2016-06-28 08:25:27	11	0	1	0
       11	2016-06-28 08:26:27	11	0	1	0
        8	2016-06-28 17:33:52	11	0	1	0
       11	2016-06-28 17:34:19	11	0	1	0
        4	2016-06-28 17:34:37	11	0	1	0
       13	2016-06-28 17:39:29	11	0	1	0
       14	2016-06-28 17:47:02	11	0	1	0
        2	2016-06-28 18:11:36	11	0	1	0
        8	2016-06-29 08:20:20	11	0	1	0
        4	2016-06-29 08:20:24	11	0	1	0
        4	2016-06-29 08:21:45	11	0	1	0
       12	2016-06-29 08:21:57	11	0	1	0
       13	2016-06-29 08:24:16	11	0	1	0
        2	2016-06-29 08:24:48	11	0	1	0
       10	2016-06-29 08:26:38	11	0	1	0
       14	2016-06-29 08:28:22	11	0	1	0
       11	2016-06-29 08:28:25	11	0	1	0
        8	2016-06-29 17:34:17	11	0	1	0
        4	2016-06-29 17:35:09	11	0	1	0
       11	2016-06-29 17:35:56	11	0	1	0
        2	2016-06-29 18:06:16	11	0	1	0
       13	2016-06-29 19:06:29	11	0	1	0
       14	2016-06-29 19:57:11	11	0	1	0
       13	2016-06-30 08:01:39	11	0	1	0
        8	2016-06-30 08:18:27	11	0	1	0
        4	2016-06-30 08:18:32	11	0	1	0
       12	2016-06-30 08:21:13	11	0	1	0
       12	2016-06-30 08:21:44	11	0	1	0
        2	2016-06-30 08:27:42	11	0	1	0
       14	2016-06-30 08:29:48	11	0	1	0
       11	2016-06-30 08:32:28	11	0	1	0
        2	2016-06-30 17:32:35	11	0	1	0
        8	2016-06-30 17:32:45	11	0	1	0
       10	2016-06-30 17:33:14	11	0	1	0
       12	2016-06-30 17:33:18	11	0	1	0
        4	2016-06-30 17:33:23	11	0	1	0
       14	2016-06-30 18:56:38	11	0	1	0
       13	2016-06-30 18:56:40	11	0	1	0
       13	2016-07-01 08:18:10	11	0	1	0
       12	2016-07-01 08:19:44	11	0	1	0
        8	2016-07-01 08:20:38	11	0	1	0
        4	2016-07-01 08:20:42	11	0	1	0
       13	2016-07-01 08:21:15	11	0	1	0
        2	2016-07-01 08:26:21	11	0	1	0
       14	2016-07-01 08:27:24	11	0	1	0
       10	2016-07-01 08:34:05	11	0	1	0
        8	2016-07-01 17:33:11	11	0	1	0
        2	2016-07-01 17:34:01	11	0	1	0
        4	2016-07-01 17:34:05	11	0	1	0
       12	2016-07-01 17:35:01	11	0	1	0
       10	2016-07-01 17:36:23	11	0	1	0
       13	2016-07-01 18:25:59	11	0	1	0
       14	2016-07-01 18:30:27	11	0	1	0
       14	2016-07-02 08:27:51	11	0	1	0
        4	2016-07-02 08:27:54	11	0	1	0
       10	2016-07-02 08:28:04	11	0	1	0
       13	2016-07-02 08:28:08	11	0	1	0
       12	2016-07-02 08:28:10	11	0	1	0
       11	2016-07-02 08:29:13	11	0	1	0
       10	2016-07-02 12:22:22	11	0	1	0
       12	2016-07-02 12:22:26	11	0	1	0
       13	2016-07-02 12:22:31	11	0	1	0
       12	2016-07-04 07:59:12	11	0	1	0
        8	2016-07-04 08:16:18	11	0	1	0
        4	2016-07-04 08:16:22	11	0	1	0
       10	2016-07-04 08:16:49	11	0	1	0
       13	2016-07-04 08:20:15	11	0	1	0
       14	2016-07-04 08:29:33	11	0	1	0
        2	2016-07-04 08:30:55	11	0	1	0
       11	2016-07-04 08:42:43	11	0	1	0
        4	2016-07-04 17:35:16	11	0	1	0
       11	2016-07-04 17:36:14	11	0	1	0
        8	2016-07-04 17:36:51	11	0	1	0
       12	2016-07-04 17:44:09	11	0	1	0
        2	2016-07-04 19:11:06	11	0	1	0
       13	2016-07-04 19:18:17	11	0	1	0
       14	2016-07-04 19:19:24	11	0	1	0
       13	2016-07-05 08:18:37	11	0	1	0
       12	2016-07-05 08:18:42	11	0	1	0
        8	2016-07-05 08:21:02	11	0	1	0
        4	2016-07-05 08:21:05	11	0	1	0
       10	2016-07-05 08:27:45	11	0	1	0
       14	2016-07-05 08:27:59	11	0	1	0
        2	2016-07-05 08:30:10	11	0	1	0
       11	2016-07-05 08:43:39	11	0	1	0
