       13	2016-05-11 19:50:27	11	0	1	0
        2	2016-05-11 18:37:33	11	0	1	0
       14	2016-05-11 18:37:57	11	0	1	0
        2	2016-05-12 19:30:45	11	0	1	0
       10	2016-05-12 08:20:57	11	0	1	0
        5	2016-05-12 08:26:26	11	0	1	0
       12	2016-05-12 08:28:33	11	0	1	0
       13	2016-05-12 08:29:29	11	0	1	0
       12	2016-05-12 08:34:02	11	0	1	0
       14	2016-05-12 08:38:13	11	0	1	0
        2	2016-05-12 12:27:36	11	0	1	0
       13	2016-05-12 17:36:07	11	0	1	0
        5	2016-05-12 17:36:14	11	0	1	0
        4	2016-05-12 17:37:05	11	0	1	0
       11	2016-05-12 17:37:07	11	0	1	0
       14	2016-05-12 17:45:34	11	0	1	0
        2	2016-05-13 07:54:08	11	0	1	0
       10	2016-05-13 08:10:57	11	0	1	0
       12	2016-05-13 08:15:45	11	0	1	0
       13	2016-05-13 08:16:33	11	0	1	0
       14	2016-05-13 08:19:03	11	0	1	0
       11	2016-05-13 08:22:39	11	0	1	0
        4	2016-05-13 08:23:23	11	0	1	0
       14	2016-05-13 13:28:18	11	0	1	0


